Sample	0	1	2	3	4	5	6	7	8	9	10	11	12	13	14	15	16	17	18	19	20	21	22	23	24	25	26	27	28	29	30	31	32	33	34	35	36	37	38	39	40	41	42	43	44	45	46	47	48	49	50	51	52	53	54	55	56	57	58	59	60	61	62	63	64	65	66	67	68	69	70	71	72	73
dorado_barcode01	(1, 33.391642875681285)	(2, 35.094731378146896)	(3, 34.59563976122502)	(4, 35.35349078640021)	(5, 35.49338178043083)	(6, 36.0716324941604)	(7, 36.349169262720665)	(8, 36.318099195014284)	(9, 36.29480519480519)	(10, 37.434440709133405)	(1000, 37.7369593120406)	(2000, 37.603136122450024)	(3000, 37.39654127637077)	(4000, 37.589958145532314)	(5000, 37.484995802532545)	(6000, 37.20865638557025)	(7000, 37.34421553393215)	(8000, 37.240415378208624)	(9000, 36.914552928224936)	(10000, 36.885401443487495)	(11000, 36.07636616086891)	(12000, 36.237497772126545)	(13000, 34.54258806953882)	(14000, 35.8480369380903)	(15000, 35.78612283342455)	(16000, 35.698893411990575)	(17000, 34.782476167196634)	(18000, 34.47003594771243)	(19000, 34.32885472689073)	(20000, 33.432012121212125)	(21000, 31.199255555555574)	(22000, 30.08913888888889)	(23000, 27.897767857142878)	(24000, 30.413833333333343)	(25000, 27.969450000000002)	(26000, 28.17625)	(27000, 29.64625)	(28000, 32.502083333333324)	(29000, 34.4485)	(30000, 33.3925)	(31000, 31.9165)	(32000, 34.872)	(33000, 34.8005)	(34000, 32.874)	(35000, 33.211)	(36000, 34.381)	(37000, 35.6185)	(38000, 34.4955)	(39000, 35.349)	(40000, 34.677)	(41000, 31.485)	(42000, 27.431428571428572)																						
dorado_barcode02	(1, 32.558686858852376)	(2, 34.33274621396518)	(3, 33.956355493401546)	(4, 34.962338800329256)	(5, 35.44477390003629)	(6, 35.94749327290752)	(7, 36.30008232346927)	(8, 36.30226011207606)	(9, 36.405166842259035)	(10, 37.637051090245336)	(10000, 34.05070171483496)	(20000, 28.818491446808896)	(30000, 19.275258581482404)	(40000, 7.082125000000006)	(50000, 5.9107875)	(60000, 4.917078690476087)	(70000, 3.19415)	(80000, 3.371425)	(90000, 3.25945)	(100000, 3.152283333333194)	(110000, 3.1522999999999506)	(120000, 3.1341999999999484)	(130000, 3.111033333333203)	(140000, 3.149799999999931)	(150000, 3.1329000000000016)	(160000, 3.117633333333286)	(170000, 3.1101999999999204)	(180000, 3.1365666666666585)	(190000, 3.1589333333332323)	(200000, 3.0970333333332793)	(210000, 3.0731666666666295)	(220000, 3.13249999999988)	(230000, 3.1140666666665933)	(240000, 3.1597333333331954)	(250000, 3.114833333333289)	(260000, 3.095799999999929)	(270000, 3.139133333333216)	(280000, 3.3309333333333373)	(290000, 3.44175)	(300000, 3.4687)	(310000, 3.4723)	(320000, 3.42965)	(330000, 3.42655)	(340000, 3.4232)	(350000, 3.40515)	(360000, 3.39055)	(370000, 3.45665)	(380000, 3.49655)	(390000, 3.42525)	(400000, 3.4492)	(410000, 3.4542)	(420000, 3.47815)	(430000, 3.4839)	(440000, 3.4252)	(450000, 3.45825)	(460000, 3.4548)	(470000, 3.4721)	(480000, 3.4268)	(490000, 3.12835)	(500000, 2.7693)	(510000, 2.8655)	(520000, 2.7734)	(530000, 2.7625)	(540000, 2.79487917146145)										
dorado_barcode03	(1, 33.041009463722396)	(2, 34.66719242902208)	(3, 34.405362776025235)	(4, 35.29652996845426)	(5, 35.285488958990534)	(6, 36.04574132492114)	(7, 36.162460567823345)	(8, 36.2807570977918)	(9, 36.495268138801265)	(10, 37.69413597096892)	(500, 38.58288686474691)	(1000, 38.904131976942516)	(1500, 39.3435511165406)	(2000, 39.25530652865218)	(2500, 39.138416831023164)	(3000, 38.18312329979039)	(3500, 37.779770695545665)	(4000, 37.35716769717951)	(4500, 37.2234889440933)	(5000, 36.690487361525435)	(5500, 36.47199278533984)	(6000, 36.78652616866338)	(6500, 36.806435665886)	(7000, 36.536539090970706)	(7500, 36.053418486368145)	(8000, 34.94893070607552)	(8500, 35.98282537647539)	(9000, 35.827090909090906)	(9500, 31.801947322852566)	(10000, 33.44384451324389)	(10500, 33.66914887955185)	(11000, 33.26989010989011)	(11500, 32.02593939393939)	(12000, 30.65676363636361)	(12500, 30.125400000000003)	(13000, 29.078199999999992)	(13500, 31.021600000000017)	(14000, 30.842333333333325)	(14500, 30.81266666666669)	(15000, 28.971388888888892)	(15500, 28.355809523809544)	(16000, 26.457266666666666)	(16500, 26.1616)	(17000, 29.066199999999995)	(17500, 30.0725)	(18000, 34.755999999999986)	(18500, 41.439)	(19000, 46.46)	(19500, 46.016)	(20000, 40.456)	(20500, 43.898)	(21000, 38.586)	(21500, 43.422)	(22000, 42.164)	(22500, 45.166)	(23000, 45.84)	(23500, 46.8)	(24000, 46.766)	(24500, 45.396)	(25000, 45.854)	(25500, 43.316)	(26000, 37.31578947368421)												
dorado_barcode04	(1, 31.21496815286624)	(2, 33.019904458598724)	(3, 32.679140127388536)	(4, 34.86305732484077)	(5, 35.10111464968153)	(6, 35.895617529880475)	(7, 36.16095617529881)	(8, 36.20557768924303)	(9, 36.27091633466136)	(10, 37.864223932641764)	(2000, 38.721251299546694)	(4000, 38.40009408953569)	(6000, 39.5171404848348)	(8000, 38.95375340281648)	(10000, 40.058208010418234)	(12000, 39.071030611428206)	(14000, 38.06889645225757)	(16000, 38.77728345191033)	(18000, 39.85823898348807)	(20000, 38.29264243697486)	(22000, 38.656403563103595)	(24000, 36.35250456349202)	(26000, 36.133480952380914)	(28000, 31.193125)	(30000, 30.43912500000003)	(32000, 25.19366666666665)	(34000, 21.76925)	(36000, 22.779)	(38000, 20.349)	(40000, 22.75425)	(42000, 21.91375)	(44000, 21.303)	(46000, 21.934)	(48000, 2.6865)	(50000, 2.679)	(52000, 2.6685)	(54000, 2.71)	(56000, 2.7065)	(58000, 2.7065)	(60000, 2.716)	(62000, 2.6845)	(64000, 2.72)	(66000, 2.7125)	(68000, 2.67)	(70000, 2.7595)	(72000, 2.706)	(74000, 2.688)	(76000, 2.76)	(78000, 2.6725)	(80000, 2.7205)	(82000, 3.0065)	(84000, 2.772893772893773)																						
dorado_barcode05	(1, 33.02025304373843)	(2, 34.14303597420738)	(3, 33.51490527838299)	(4, 33.994921137210056)	(5, 34.24673508233191)	(6, 34.76263087948074)	(7, 34.983232644759326)	(8, 35.08818626749057)	(9, 35.211646884953964)	(10, 37.11945460327616)	(10000, 32.02330320654031)	(20000, 22.26630405304473)	(30000, 14.425368122046589)	(40000, 7.359418575532809)	(50000, 6.201090902904725)	(60000, 5.7600414843285686)	(70000, 5.067889261718374)	(80000, 3.702507178929713)	(90000, 3.6173889892715896)	(100000, 3.6310740183792025)	(110000, 3.5654113970588397)	(120000, 3.5409375)	(130000, 3.58285083333325)	(140000, 3.586852380952359)	(150000, 3.5716318681318597)	(160000, 3.5379384615384573)	(170000, 3.6513287878787057)	(180000, 3.6616454545453316)	(190000, 3.6375272727272)	(200000, 3.769625454545516)	(210000, 3.8802666666668992)	(220000, 3.873411111111219)	(230000, 3.8666930555556718)	(240000, 4.0199875)	(250000, 3.9118875)	(260000, 3.9729875)	(270000, 4.0009)	(280000, 4.0076125)	(290000, 4.0350125)	(300000, 4.006475)	(310000, 4.0358625)	(320000, 3.975125)	(330000, 3.984394642857166)	(340000, 4.14013571428573)	(350000, 4.054439999999972)	(360000, 5.034685000000005)	(370000, 3.883175)	(380000, 3.924975)	(390000, 4.017491666666717)	(400000, 4.270700000000137)	(410000, 4.197900000000007)	(420000, 4.1351)	(430000, 4.208)	(440000, 4.1102)	(450000, 4.126)	(460000, 4.451588212782243)																		
dorado_barcode06	(1, 26.595061728395063)	(2, 30.36172839506173)	(3, 30.44567901234568)	(4, 33.117283950617285)	(5, 33.37283950617284)	(6, 34.617283950617285)	(7, 35.08888888888889)	(8, 35.758024691358024)	(9, 35.98888888888889)	(10, 37.60178895537843)	(500, 38.19477855622027)	(1000, 38.04438484287442)	(1500, 37.893649666775985)	(2000, 38.59179882883741)	(2500, 38.85366756095197)	(3000, 38.7327075410429)	(3500, 38.76145643495984)	(4000, 38.69599397657304)	(4500, 39.33211413413583)	(5000, 38.89109957443717)	(5500, 39.06368429399424)	(6000, 39.741639920700244)	(6500, 38.96474488626417)	(7000, 40.409896290199676)	(7500, 39.46794407965529)	(8000, 39.05829262391354)	(8500, 37.95250694329422)	(9000, 38.04229539088363)	(9500, 37.91424242424244)	(10000, 36.36666335364209)	(10500, 36.02701293278881)	(11000, 36.21561538461539)	(11500, 35.26786254180603)	(12000, 35.303995379753765)	(12500, 34.43144444444444)	(13000, 34.93358251633986)	(13500, 35.00663489010987)	(14000, 35.27560256410258)	(14500, 34.71473030303036)	(15000, 35.16124444444442)	(15500, 34.892444444444415)	(16000, 35.394888888888914)	(16500, 34.88644444444446)	(17000, 34.46281349206348)	(17500, 31.768571428571434)	(18000, 31.369142857142872)	(18500, 35.74769523809528)	(19000, 36.996133333333354)	(19500, 42.16366666666667)	(20000, 39.098)	(20500, 42.705)	(21000, 39.571)	(21500, 40.368)	(22000, 39.793)	(22500, 36.12903225806452)																			
dorado_barcode07	(1, 32.26065162907268)	(2, 33.6203007518797)	(3, 33.13032581453634)	(4, 34.06390977443609)	(5, 34.54385964912281)	(6, 35.30576441102757)	(7, 35.555834378920956)	(8, 35.447236180904525)	(9, 35.42462311557789)	(10, 36.98535299966929)	(1000, 38.226567581208315)	(2000, 37.576674794652476)	(3000, 38.04954629460477)	(4000, 36.653385546151206)	(5000, 38.15419226968108)	(6000, 38.38935581465568)	(7000, 37.54456184203777)	(8000, 37.39529128534258)	(9000, 37.53805382827111)	(10000, 38.36772612102068)	(11000, 37.33378260869569)	(12000, 38.33350947675512)	(13000, 36.900024866701095)	(14000, 35.54704226190474)	(15000, 39.10070879120884)	(16000, 38.41730769230776)	(17000, 36.52264743589742)	(18000, 36.763451515151516)	(19000, 35.054255555555535)	(20000, 34.63863492063489)	(21000, 36.86073809523808)	(22000, 37.04616666666664)	(23000, 38.28839999999998)	(24000, 37.05940000000001)	(25000, 36.979199999999985)	(26000, 34.256)	(27000, 30.483500000000046)	(28000, 14.674)	(29000, 16.231)	(30000, 13.956)	(31000, 15.089)	(32000, 12.862)	(33000, 13.878)	(34000, 14.298)	(35000, 14.296)	(36000, 13.2)	(37000, 9.074)	(38000, 8.995)	(39000, 8.639)	(40000, 14.506)	(41000, 10.248)	(42000, 8.767)	(43000, 11.54)	(44000, 16.206)	(45000, 22.354)	(46000, 10.161)	(47000, 18.715)	(48000, 24.058)	(49000, 19.174)	(50000, 15.293203883495146)														
dorado_barcode08	(1, 30.242424242424242)	(2, 32.24731182795699)	(3, 31.66177908113392)	(4, 34.3900293255132)	(5, 35.11436950146628)	(6, 35.96871945259042)	(7, 36.22678396871945)	(8, 36.84261974584555)	(9, 36.84637964774951)	(10, 38.03160395854347)	(1000, 38.148218157860846)	(2000, 37.35050657239129)	(3000, 37.62227778264765)	(4000, 37.54536876083218)	(5000, 38.128545963783644)	(6000, 38.41040547896769)	(7000, 38.3654022944243)	(8000, 37.731396273488876)	(9000, 37.436174247792216)	(10000, 37.50665692004838)	(11000, 39.32893570797017)	(12000, 39.375854966555266)	(13000, 37.46968577428613)	(14000, 37.83831642156859)	(15000, 38.01554405594412)	(16000, 38.77441515151519)	(17000, 37.72008333333333)	(18000, 39.35322619047621)	(19000, 40.06766666666668)	(20000, 38.544566666666654)	(21000, 39.37220000000002)	(22000, 40.50934999999998)	(23000, 40.70625)	(24000, 40.22866666666667)	(25000, 39.98166666666671)	(26000, 40.60100000000002)	(27000, 44.648)	(28000, 44.551)	(29000, 44.708)	(30000, 44.859)	(31000, 43.679)	(32000, 46.262)	(33000, 45.81)	(34000, 42.707)	(35000, 43.971)	(36000, 43.32)	(37000, 45.218)	(38000, 45.029)	(39000, 42.74)	(40000, 42.679)	(41000, 45.482)	(42000, 30.35378590078329)																						
dorado_barcode09	(1, 32.564515252025444)	(2, 34.38388342123865)	(3, 33.61263661573596)	(4, 34.32355499972813)	(5, 34.43048230112555)	(6, 34.86695850780358)	(7, 35.13102004187855)	(8, 35.32685142375371)	(9, 35.5327893376853)	(10, 36.75935617162673)	(10000, 29.27504344167492)	(20000, 15.35058560258153)	(30000, 5.779631428571413)	(40000, 3.8846800000000163)	(50000, 3.6396999999998165)	(60000, 3.601939999999977)	(70000, 3.505220000000068)	(80000, 3.537325000000013)	(90000, 3.89915)	(100000, 3.98195)	(110000, 3.92385)	(120000, 3.93985)	(130000, 3.835625)	(140000, 3.7286416666667646)	(150000, 3.49768333333332)	(160000, 3.1715)	(170000, 3.2159)	(180000, 3.2561)	(190000, 3.22535)	(200000, 3.2463)	(210000, 3.1887)	(220000, 3.36825)	(230000, 3.3513)	(240000, 2.82565)	(250000, 2.447)	(260000, 2.4644)	(270000, 2.4517)	(280000, 2.3918)	(290000, 2.4551)	(300000, 2.5354)	(310000, 2.5121)	(320000, 2.4603)	(330000, 2.6296)	(340000, 2.4305)	(350000, 2.4587)	(360000, 2.50744646157191)																												
dorado_barcode10	(1, 34.69308935468147)	(2, 36.73497318984589)	(3, 36.17316609796643)	(4, 36.60254102766008)	(5, 36.438855350156864)	(6, 36.719308771600886)	(7, 36.78349542477124)	(8, 36.83545023815179)	(9, 36.692902556280046)	(10, 37.760575807269475)	(10000, 35.13526496593149)	(20000, 30.32826555147459)	(30000, 24.093669164227155)	(40000, 15.442847116464526)	(50000, 8.037458529444393)	(60000, 4.137777070706951)	(70000, 3.05385)	(80000, 3.0640625)	(90000, 3.078825)	(100000, 3.141398214285802)	(110000, 3.039330952381003)	(120000, 3.1080000000000494)	(130000, 3.1144166666666337)	(140000, 3.1087733333334246)	(150000, 3.079660000000157)	(160000, 3.0872400000001385)	(170000, 3.1563200000001777)	(180000, 3.1492000000001683)	(190000, 3.1779000000000037)	(200000, 3.17955)	(210000, 3.078625)	(220000, 2.846350000000044)	(230000, 2.59693333333334)	(240000, 2.6258)	(250000, 2.9198)	(260000, 2.8433)	(270000, 3.5066)	(280000, 2.8091)	(290000, 2.8207)	(300000, 2.6898)	(310000, 2.8008)	(320000, 2.9194)	(330000, 2.9044)	(340000, 2.7416)	(350000, 2.9968563344860106)																													
dorado_barcode11	(1, 32.215361856877436)	(2, 33.787270950187995)	(3, 33.053422208916324)	(4, 33.449611242702545)	(5, 33.55461533720183)	(6, 33.893514156135794)	(7, 34.084563356465985)	(8, 34.18871430836166)	(9, 34.41499977980359)	(10, 37.346737406131254)	(5000, 37.219123196913934)	(10000, 35.68049002549666)	(15000, 30.739020218993677)	(20000, 27.825598039983376)	(25000, 19.980563410593213)	(30000, 15.995224847473608)	(35000, 14.260850316438543)	(40000, 9.944850335363846)	(45000, 6.473553333333329)	(50000, 3.3722128205128197)	(55000, 3.0181666666666636)	(60000, 2.8939236363635947)	(65000, 2.9333999999999305)	(70000, 2.8415133333332427)	(75000, 2.9251333333332736)	(80000, 2.9766222222221774)	(85000, 2.9570996031745898)	(90000, 2.8976000000000637)	(95000, 2.968128571428562)	(100000, 3.0476266666666345)	(105000, 2.9155199999999772)	(110000, 2.963080000000006)	(115000, 2.993920000000003)	(120000, 2.9779999999999727)	(125000, 2.850359999999982)	(130000, 2.9030400000000443)	(135000, 2.951999999999998)	(140000, 2.8707999999999734)	(145000, 2.926119999999985)	(150000, 2.965719999999971)	(155000, 2.895319999999995)	(160000, 2.93127999999995)	(165000, 2.90467000000001)	(170000, 3.20525)	(175000, 3.00795)	(180000, 2.93095)	(185000, 3.204300000000069)	(190000, 3.1412000000000275)	(195000, 3.125466666666845)	(200000, 3.097533333333356)	(205000, 3.421666666666689)	(210000, 3.3407)	(215000, 3.3016)	(220000, 3.3099)	(225000, 3.2044)	(230000, 3.3289)	(235000, 3.2847)	(240000, 3.3303)	(245000, 3.2818)	(250000, 3.6725)	(255000, 3.758)	(260000, 3.9098)	(265000, 3.8958)	(270000, 3.9222)	(275000, 3.9814)	(280000, 3.8144)	(285000, 3.9372)	(290000, 3.8088)	(295000, 3.9318)	(300000, 3.9234)	(305000, 3.895)	(310000, 3.9478)	(315000, 3.8914)	(320000, 3.860326894502229)
dorado_barcode12	(1, 32.10498687664042)	(2, 32.799650043744535)	(3, 32.45319335083115)	(4, 32.86876640419948)	(5, 32.67716535433071)	(6, 33.63835376532399)	(7, 33.620840630472856)	(8, 33.35144609991236)	(9, 34.11744084136722)	(10, 37.42812242856382)	(1000, 38.63296474350034)	(2000, 38.94907167921268)	(3000, 38.762247716734514)	(4000, 38.3635187484)	(5000, 38.6459260612793)	(6000, 38.83761014836847)	(7000, 39.87462182869821)	(8000, 37.753732847045214)	(9000, 37.181797599640966)	(10000, 36.3796767491087)	(11000, 35.0318583402855)	(12000, 34.68318320632107)	(13000, 34.282158991081424)	(14000, 35.704684362091)	(15000, 35.60689181286544)	(16000, 33.320102124183)	(17000, 32.2737326923077)	(18000, 31.039185897435914)	(19000, 35.66126868686868)	(20000, 32.78609722222222)	(21000, 32.07363095238097)	(22000, 32.33766666666665)	(23000, 32.338950000000004)	(24000, 28.1485)	(25000, 28.73675)	(26000, 27.3505)	(27000, 27.95025)	(28000, 29.535416666666695)	(29000, 30.182999999999986)	(30000, 32.756)	(31000, 31.456)	(32000, 29.9945)	(33000, 22.0015)	(34000, 18.361)	(35000, 18.9305)	(36000, 17.043)	(37000, 18.7305)	(38000, 19.1935)	(39000, 18.0475)	(40000, 21.143)	(41000, 19.4)	(42000, 25.655)	(43000, 27.379)	(44000, 23.672)	(45000, 24.98)	(46000, 27.138)	(47000, 20.919)	(48000, 26.064)	(49000, 27.605)	(50000, 28.823)	(51000, 28.202)	(52000, 32.538)	(53000, 29.678)	(54000, 28.618)	(55000, 28.89)	(56000, 28.844)	(57000, 26.582)	(58000, 19.591)	(59000, 26.42)	(60000, 23.337)	(61000, 24.218)	(62000, 30.569)	(63000, 27.825)	(64000, 22.65432098765432)
dorado_barcode13	(1, 30.596534653465348)	(2, 32.29455445544554)	(3, 31.98391089108911)	(4, 34.73267326732673)	(5, 34.96782178217822)	(6, 35.5259900990099)	(7, 35.618811881188115)	(8, 36.10891089108911)	(9, 36.210396039603964)	(10, 37.445211852657984)	(1000, 37.420438193365996)	(2000, 37.460864151326966)	(3000, 38.307602136659305)	(4000, 38.85097416451475)	(5000, 39.44395927400875)	(6000, 38.75774280914258)	(7000, 39.377467612824624)	(8000, 39.194962538590154)	(9000, 38.6899940053041)	(10000, 39.34881087098087)	(11000, 38.69930059585721)	(12000, 38.72239426814582)	(13000, 39.058304761904786)	(14000, 39.44695054945054)	(15000, 39.58884615384615)	(16000, 32.390743589743614)	(17000, 32.555886363636375)	(18000, 34.110777777777734)	(19000, 33.08347222222222)	(20000, 34.34676785714285)	(21000, 32.587571428571444)	(22000, 34.605857142857154)	(23000, 33.98771428571429)	(24000, 37.11833333333328)	(25000, 30.72483333333331)	(26000, 29.040833333333342)	(27000, 27.547100000000032)	(28000, 30.071599999999997)	(29000, 33.41090000000004)	(30000, 36.463)	(31000, 36.8755)	(32000, 40.31525)	(33000, 42.50899999999999)	(34000, 43.1625)	(35000, 41.483)	(36000, 38.301)	(37000, 41.15294117647059)																											
dorado_barcode14	(1, 33.88166560441895)	(2, 35.466751646483964)	(3, 35.09942638623327)	(4, 36.138304652645)	(5, 36.464202251965155)	(6, 36.8361665958351)	(7, 37.04548352816153)	(8, 37.08862911795962)	(9, 37.20331773713313)	(10, 37.747351358865934)	(1000, 38.18847626503795)	(2000, 38.26768829182036)	(3000, 38.66586193832607)	(4000, 38.34587292135833)	(5000, 37.88709557294004)	(6000, 37.38490451742554)	(7000, 37.53146760436874)	(8000, 37.402751601298334)	(9000, 37.230177432062895)	(10000, 36.04948548790735)	(11000, 35.69169760161742)	(12000, 34.944629156223876)	(13000, 35.65638888888894)	(14000, 37.26940334967317)	(15000, 36.752350865800835)	(16000, 35.157607142857096)	(17000, 35.544571428571416)	(18000, 36.95682857142859)	(19000, 37.11219999999999)	(20000, 34.8965)	(21000, 34.426)	(22000, 35.74333333333335)	(23000, 32.44416666666667)	(24000, 35.443)	(25000, 32.689)	(26000, 32.375)	(27000, 35.031)	(28000, 32.382)	(29000, 35.852)	(30000, 39.562)	(31000, 36.778)	(32000, 33.886)	(33000, 35.223)	(34000, 34.605)	(35000, 36.53284671532847)																													
dorado_barcode15	(1, 33.70533303687704)	(2, 34.49741130133723)	(3, 33.82628720261729)	(4, 34.144585967029826)	(5, 34.388685957500876)	(6, 34.83665300676642)	(7, 35.071206151499744)	(8, 35.190715261669475)	(9, 35.33223161507659)	(10, 37.85316410373835)	(2000, 38.168910493165995)	(4000, 38.10616789272289)	(6000, 37.68519453491014)	(8000, 37.225823294384526)	(10000, 35.46452815212301)	(12000, 34.74751455614568)	(14000, 33.55904579699512)	(16000, 31.174804567355245)	(18000, 29.977970923067808)	(20000, 27.414561066835923)	(22000, 26.92678168337507)	(24000, 27.2815447770775)	(26000, 25.84909480519481)	(28000, 25.61607142857141)	(30000, 25.895028571428597)	(32000, 23.055925000000006)	(34000, 23.597125)	(36000, 21.559)	(38000, 23.32704166666665)	(40000, 22.286166666666706)	(42000, 16.564166666666672)	(44000, 16.18191666666667)	(46000, 19.98275)	(48000, 11.08725)	(50000, 3.277)	(52000, 3.359)	(54000, 3.3155)	(56000, 3.3095)	(58000, 3.217)	(60000, 3.133)	(62000, 3.119)	(64000, 3.1965)	(66000, 3.05)	(68000, 3.1925)	(70000, 3.1425)																													
dorado_barcode16	(1, 33.09031198686371)	(2, 35.251231527093594)	(3, 34.59605911330049)	(4, 35.36124794745484)	(5, 35.49425287356322)	(6, 36.139573070607554)	(7, 36.41215106732348)	(8, 36.367816091954026)	(9, 36.20032840722496)	(10, 38.19012990205477)	(1000, 38.180385768075205)	(2000, 37.82328869200876)	(3000, 39.26274969422582)	(4000, 40.168617133510324)	(5000, 39.75808947783991)	(6000, 39.247371808842466)	(7000, 39.34636406606562)	(8000, 39.00736929824558)	(9000, 40.30935274276375)	(10000, 39.76488644688647)	(11000, 40.57113787878785)	(12000, 40.034444444444404)	(13000, 37.48071230158732)	(14000, 40.111190476190444)	(15000, 40.56213333333327)	(16000, 39.55220000000003)	(17000, 36.799199999999985)	(18000, 35.426283333333345)	(19000, 38.61883333333333)	(20000, 42.08)	(21000, 41.549)	(22000, 35.0945)	(23000, 40.1755)	(24000, 39.9225)	(25000, 40.8675)	(26000, 40.956)	(27000, 41.6325)	(28000, 41.2515)	(29000, 43.6815)	(30000, 40.1665)	(31000, 43.3015)	(32000, 43.4525)	(33000, 42.3185)	(34000, 39.003)	(35000, 36.686)	(36000, 43.196)	(37000, 40.898197242841995)																											
dorado_barcode17	(1, 33.055947833043064)	(2, 34.17520421350113)	(3, 33.83610482102383)	(4, 34.49937484056072)	(5, 34.55681759726715)	(6, 34.83436293334943)	(7, 34.97557819964441)	(8, 34.980286648940385)	(9, 35.03701997549091)	(10, 37.19903177865566)	(10000, 32.335403075549394)	(20000, 23.335760412975695)	(30000, 13.77882838605298)	(40000, 7.04168441799013)	(50000, 5.523678912091751)	(60000, 4.346851381215472)	(70000, 4.249656071358436)	(80000, 4.520564191180182)	(90000, 4.467370238451405)	(100000, 3.9720239124839156)	(110000, 3.8384500644626853)	(120000, 3.8062426881719666)	(130000, 3.8903333333333636)	(140000, 3.9244268947272367)	(150000, 3.87467036039886)	(160000, 4.15930117034186)	(170000, 4.260389619883041)	(180000, 5.047636964285698)	(190000, 3.84640714285712)	(200000, 3.7152837912088006)	(210000, 3.4345303030303715)	(220000, 3.3883290909091315)	(230000, 3.2879452777778257)	(240000, 3.3959107142857494)	(250000, 3.484842857142916)	(260000, 3.4687428571429844)	(270000, 3.4699571428572376)	(280000, 3.4370904761904923)	(290000, 3.464413333333458)	(300000, 3.287720000000222)	(310000, 3.2656000000001786)	(320000, 3.369620000000113)	(330000, 3.1202450000000024)	(340000, 3.132983333333384)	(350000, 3.3048833333333327)	(360000, 3.0434)	(370000, 3.8809)	(380000, 3.9708)	(390000, 4.0274)	(400000, 3.9939)	(410000, 4.1285)	(420000, 4.0621)	(430000, 4.0882)	(440000, 3.9512)	(450000, 3.9878)	(460000, 3.9898)	(470000, 4.0883)	(480000, 4.1368)	(490000, 4.0361)	(500000, 3.9529)	(510000, 4.0212)	(520000, 4.2453)	(530000, 4.1292)	(540000, 4.2614)	(550000, 4.312)	(560000, 4.2079)	(570000, 4.1774)	(580000, 4.2288)	(590000, 4.198)	(600000, 3.898064516129032)				
dorado_barcode18	(1, 33.5026384061428)	(2, 34.71775369726709)	(3, 34.33957790953906)	(4, 34.997670097003564)	(5, 35.2844090052023)	(6, 35.71975519693033)	(7, 35.97001726154929)	(8, 36.01725416967434)	(9, 36.08420788469197)	(10, 37.28436099247517)	(10000, 33.14138457905658)	(20000, 23.60101182657927)	(30000, 15.21304592026649)	(40000, 7.564439306074502)	(50000, 6.52484018847632)	(60000, 5.027239833512635)	(70000, 4.026388485789582)	(80000, 4.6818266621209945)	(90000, 3.7942665155677475)	(100000, 4.010046153846157)	(110000, 4.026050641025658)	(120000, 3.791528787878813)	(130000, 3.036410909090917)	(140000, 3.109442222222209)	(150000, 3.115477777777754)	(160000, 3.1338777777778133)	(170000, 3.3643337301587666)	(180000, 3.2303428571428414)	(190000, 3.3115500000000058)	(200000, 3.3059999999999934)	(210000, 3.2358833333333314)	(220000, 3.2905733333333473)	(230000, 3.3003200000000112)	(240000, 3.3968800000000394)	(250000, 3.024504999999988)	(260000, 2.905041666666734)	(270000, 2.6281666666667474)	(280000, 2.5010666666666217)	(290000, 2.586966666666695)	(300000, 2.493900000000047)	(310000, 2.596266666666748)	(320000, 2.567533333333348)	(330000, 2.588000000000006)	(340000, 2.4711333333333343)	(350000, 2.447433333333304)	(360000, 2.548199999999992)	(370000, 2.482)	(380000, 2.6057)	(390000, 2.6247)	(400000, 2.6291)	(410000, 2.6349)	(420000, 2.6062)	(430000, 2.6375)	(440000, 2.6306)	(450000, 2.6409)	(460000, 2.6442)	(470000, 2.6272)	(480000, 2.6388)	(490000, 2.6269)	(500000, 2.6275)	(510000, 2.6266)	(520000, 2.5541)	(530000, 2.6247)	(540000, 2.6334060908429477)										
dorado_barcode19	(1, 26.653254437869823)	(2, 29.441420118343196)	(3, 29.57278106508876)	(4, 32.08994082840237)	(5, 32.73136094674556)	(6, 33.86627218934911)	(7, 34.11597633136095)	(8, 34.38579881656805)	(9, 35.06272189349112)	(10, 37.844067567803286)	(500, 39.311284978567514)	(1000, 39.014085134654366)	(1500, 38.8581077381175)	(2000, 38.819163340090526)	(2500, 38.12656064533931)	(3000, 37.96194388778399)	(3500, 37.7829914434143)	(4000, 37.03510122696329)	(4500, 37.63224194922112)	(5000, 38.22839805118111)	(5500, 38.47891210735567)	(6000, 39.07146828345212)	(6500, 37.80823001613962)	(7000, 37.176985361945114)	(7500, 38.05943200399431)	(8000, 38.97125364012744)	(8500, 40.27361660079053)	(9000, 41.496419913419906)	(9500, 39.05053233082704)	(10000, 41.54849707602334)	(10500, 41.02665359477123)	(11000, 40.594419117647064)	(11500, 40.7759333333333)	(12000, 40.95360000000003)	(12500, 40.58275238095232)	(13000, 36.816853479853506)	(13500, 38.13894545454545)	(14000, 40.63960000000002)	(14500, 39.86539999999997)	(15000, 35.08897777777778)	(15500, 36.4177896825397)	(16000, 38.118380952380946)	(16500, 36.45306666666664)	(17000, 39.46679999999999)	(17500, 40.3695)	(18000, 39.17166666666666)	(18500, 37.358)	(19000, 34.581)	(19500, 33.984)	(20000, 33.562)	(20500, 42.209)	(21000, 47.248)	(21500, 44.234)	(22000, 46.828)	(22500, 45.402)	(23000, 47.754)	(23500, 43.944)	(24000, 45.012)	(24500, 44.484)	(25000, 46.088)	(25500, 47.29)	(26000, 46.63)	(26500, 46.5)	(27000, 46.408)	(27500, 43.108)	(28000, 45.5609756097561)								
dorado_barcode20	(1, 33.37725088410317)	(2, 35.91715482574591)	(3, 35.47954310373735)	(4, 36.69257456517085)	(5, 37.010559583781514)	(6, 37.57038294315891)	(7, 37.75219186660295)	(8, 37.79170358847756)	(9, 37.81553981017834)	(10, 39.27498169062249)	(20000, 36.335118467287124)	(40000, 28.17227920449006)	(60000, 17.565206151842702)	(80000, 9.335833858514876)	(100000, 5.162359884728045)	(120000, 5.518441428274247)	(140000, 4.730517035174218)	(160000, 3.905675952380933)	(180000, 3.9953724358974934)	(200000, 4.039231717171634)	(220000, 6.6170464285714115)	(240000, 3.831804642857488)	(260000, 6.214566666666663)	(280000, 3.635375)	(300000, 3.80195)	(320000, 3.74)	(340000, 3.71445)	(360000, 3.7193)	(380000, 3.7003)	(400000, 3.76765)	(420000, 3.77115)	(440000, 3.7733)	(460000, 3.68285)	(480000, 3.7603)	(500000, 3.80955)	(520000, 3.8215)	(540000, 3.80565)	(560000, 3.7519)	(580000, 3.687)	(600000, 3.89095)	(620000, 3.841)	(640000, 3.69605)	(660000, 3.6357427005929597)																															
dorado_barcode21	(1, 9.0)	(2, 8.0)	(3, 9.0)	(4, 6.0)	(5, 3.0)	(6, 4.0)	(7, 3.0)	(8, 2.0)	(9, 2.0)	(10, 3.8)	(15, 2.8)	(20, 6.0)	(25, 5.4)	(30, 4.2)	(35, 5.0)	(40, 5.8)	(45, 4.0)	(50, 2.6)	(55, 3.0)	(60, 3.0)	(65, 2.6)	(70, 3.6)	(75, 5.8)	(80, 11.4)	(85, 5.4)	(90, 3.2)	(95, 3.6)	(100, 3.4)	(105, 5.6)	(110, 4.4)	(115, 2.8)	(120, 4.0)	(125, 10.8)	(130, 10.4)	(135, 5.4)	(140, 4.0)	(145, 3.4)	(150, 4.0)	(155, 3.4)	(160, 3.6)	(165, 3.6)	(170, 5.0)	(175, 4.2)	(180, 4.4)	(185, 4.4)	(190, 4.6)	(195, 3.6)	(200, 4.6)	(205, 6.4)	(210, 4.8)	(215, 5.0)	(220, 4.2)	(225, 3.2)	(230, 6.8)	(235, 9.25)																			
dorado_barcode23	(1, 7.0)	(2, 11.0)	(3, 10.0)	(4, 7.0)	(5, 7.0)	(6, 7.0)	(7, 5.0)	(8, 6.0)	(9, 6.0)	(10, 4.825)	(50, 5.8)	(100, 6.42)	(150, 5.26)	(200, 8.36)	(250, 6.36)	(300, 4.42)	(350, 3.82)	(400, 5.38)	(450, 6.54)	(500, 5.94)	(550, 5.64)	(600, 5.86)	(650, 5.24)	(700, 7.56)	(750, 7.88)	(800, 5.06)	(850, 5.54)	(900, 4.9)	(950, 5.5)	(1000, 4.24)	(1050, 5.24)	(1100, 5.14)	(1150, 5.26)	(1200, 5.6)	(1250, 5.0)	(1300, 3.84)	(1350, 5.0)	(1400, 5.14)	(1450, 5.42)	(1500, 3.82)	(1550, 4.98)	(1600, 4.78)	(1650, 6.6)	(1700, 5.5)	(1750, 6.28)	(1800, 6.28)	(1850, 6.14)	(1900, 8.12)	(1950, 5.38)	(2000, 4.16)	(2050, 4.66)	(2100, 5.58)	(2150, 5.34)	(2200, 4.22)	(2250, 4.88)	(2300, 5.26)	(2350, 4.72)	(2400, 4.42)	(2450, 5.96)	(2500, 4.64)	(2550, 5.52)	(2600, 4.12)	(2650, 4.24)	(2700, 5.7)	(2750, 5.38)	(2800, 4.7)	(2850, 5.4)	(2900, 4.94)	(2950, 5.08)	(3000, 6.0606060606060606)				
dorado_barcode24	(1, 2.0)	(2, 3.0)	(3, 4.0)	(4, 4.0)	(5, 4.0)	(6, 3.0)	(7, 3.0)	(8, 3.0)	(9, 2.0)	(10, 6.889473684210526)	(200, 7.69)	(400, 4.25)	(600, 2.405)	(800, 2.08)	(1000, 3.29)	(1200, 2.685)	(1400, 3.475)	(1600, 1.38)	(1800, 1.925)	(2000, 1.62)	(2200, 3.73)	(2400, 3.335)	(2600, 7.0)	(2800, 5.43)	(3000, 5.14)	(3200, 6.1)	(3400, 8.52)	(3600, 5.78)	(3800, 4.355)	(4000, 3.51)	(4200, 3.455)	(4400, 3.39)	(4600, 5.32)	(4800, 3.34)	(5000, 1.135)	(5200, 1.115)	(5400, 2.765)	(5600, 1.51)	(5800, 3.03)	(6000, 2.165)	(6200, 2.65)	(6400, 4.595)	(6600, 4.755)	(6800, 4.985)	(7000, 8.76)	(7200, 6.19)	(7400, 3.81)	(7600, 4.38)	(7800, 6.55)	(8000, 6.47)	(8200, 5.88)	(8400, 5.8)	(8600, 6.46)	(8800, 5.53)	(9000, 5.685)	(9200, 4.67)	(9400, 4.575)	(9600, 4.14)	(9800, 3.115)	(10000, 2.315)	(10200, 2.58)	(10400, 3.33)	(10600, 2.11)	(10800, 2.14)	(11000, 3.38)	(11200, 1.77)	(11400, 3.028776978417266)							
dorado_unclassified	(1, 7.716088243983819)	(2, 8.805956091265125)	(3, 9.8846923656203)	(4, 10.93836427411526)	(5, 11.815150579459349)	(6, 12.0524416876426)	(7, 12.250746514046018)	(8, 11.993698533953703)	(9, 12.176320011376918)	(10, 22.980164307661635)	(20000, 21.716948297118176)	(40000, 16.978287536621334)	(60000, 13.91888484992366)	(80000, 11.184527751340465)	(100000, 9.289199508123906)	(120000, 6.89244836201247)	(140000, 5.259964237058163)	(160000, 4.4615653397428705)	(180000, 4.4728855764796025)	(200000, 4.265248547127101)	(220000, 4.009632058937059)	(240000, 3.835073050545578)	(260000, 3.829559730474884)	(280000, 3.718837350209769)	(300000, 3.5720874999999848)	(320000, 3.5868913701840373)	(340000, 3.6577340476190483)	(360000, 3.7405967032967333)	(380000, 3.415008158508302)	(400000, 3.311681212121131)	(420000, 3.070366666666461)	(440000, 2.985643055555554)	(460000, 2.96799375)	(480000, 2.96773125)	(500000, 2.929575)	(520000, 3.0052125)	(540000, 2.96474345238084)	(560000, 3.097454999999969)	(580000, 3.132308333333353)	(600000, 3.084183333333409)	(620000, 3.0528500000000047)	(640000, 3.10455)	(660000, 3.161775)	(680000, 3.179375)	(700000, 2.959325)	(720000, 2.8305)	(740000, 2.814453125)																											
minknow_barcode01	(1, 34.979633401221996)	(2, 36.890020366598776)	(3, 36.09979633401222)	(4, 36.91038696537678)	(5, 37.05906313645621)	(6, 37.983706720977594)	(7, 38.468431771894096)	(8, 38.478615071283095)	(9, 38.27902240325866)	(10, 38.05046310326292)	(1000, 37.59972067167182)	(2000, 37.684136017535266)	(3000, 37.81273838752766)	(4000, 38.23090205126843)	(5000, 36.86931040603302)	(6000, 35.66196719617002)	(7000, 34.4622767668376)	(8000, 34.454545316425914)	(9000, 33.764942977602125)	(10000, 32.110882236842116)	(11000, 33.13238264652015)	(12000, 32.916722183372144)	(13000, 29.91170833333334)	(14000, 33.135454761904796)	(15000, 31.213400000000036)	(16000, 32.03539999999998)	(17000, 31.17745)	(18000, 30.61525)	(19000, 33.01791666666667)	(20000, 31.16200000000004)	(21000, 29.83133333333333)	(22000, 28.215333333333298)	(23000, 28.687666666666672)	(24000, 29.4865)	(25000, 26.126)	(26000, 27.876)	(27000, 28.3585)	(28000, 27.955)	(29000, 28.29)	(30000, 25.385)	(31000, 25.644)	(32000, 31.75)	(33000, 26.434)	(34000, 23.794)	(35000, 23.502)	(36000, 22.655)	(37000, 26.606)	(38000, 23.559)	(39000, 24.561)	(40000, 25.682)	(41000, 23.503)	(42000, 28.03048780487805)																						
minknow_barcode02	(1, 34.35739744092383)	(2, 36.24300531061767)	(3, 35.79605802473536)	(4, 36.78878711195067)	(5, 37.33487186798303)	(6, 37.853512492426134)	(7, 38.21953523184945)	(8, 38.23892433260862)	(9, 38.32230815839185)	(10, 39.42797720673554)	(2000, 39.52514787672412)	(4000, 39.47496613766034)	(6000, 39.31294305505792)	(8000, 38.69404252002829)	(10000, 37.82234602923102)	(12000, 36.55785599071332)	(14000, 34.98504441355385)	(16000, 33.22532540212873)	(18000, 29.970573661557523)	(20000, 29.815448835053243)	(22000, 29.274681389536333)	(24000, 29.515955916838564)	(26000, 28.436339413364394)	(28000, 28.731927976190477)	(30000, 27.322399999999988)	(32000, 33.738125)	(34000, 22.116)	(36000, 22.02375)	(38000, 20.6955)	(40000, 19.967)	(42000, 20.92)	(44000, 19.636)	(46000, 23.738)	(48000, 20.991)	(50000, 22.047)	(52000, 21.4835)	(54000, 22.4985)	(56000, 23.2755)	(58000, 21.267)	(60000, 21.072)	(62000, 22.165)	(64000, 23.349496797804207)																																
minknow_barcode03	(1, 34.48936170212766)	(2, 36.829787234042556)	(3, 36.765957446808514)	(4, 37.48936170212766)	(5, 36.255319148936174)	(6, 37.255319148936174)	(7, 37.191489361702125)	(8, 36.361702127659576)	(9, 37.02127659574468)	(10, 36.72828708122632)	(500, 36.385223722943394)	(1000, 37.331143319158485)	(1500, 35.86156159420286)	(2000, 37.09459804782049)	(2500, 35.902143790849706)	(3000, 35.807023879551814)	(3500, 36.3167161172161)	(4000, 36.497833333333325)	(4500, 34.99280303030303)	(5000, 34.18574545454544)	(5500, 34.777044444444456)	(6000, 35.374722222222225)	(6500, 36.575)	(7000, 32.390035714285716)	(7500, 33.63371428571428)	(8000, 32.46514285714285)	(8500, 31.88742857142857)	(9000, 30.093428571428543)	(9500, 25.168999999999972)	(10000, 21.349533333333326)	(10500, 22.930400000000002)	(11000, 26.0784)	(11500, 26.3556)	(12000, 24.749600000000015)	(12500, 25.398800000000023)	(13000, 22.897599999999986)	(13500, 24.607999999999986)	(14000, 25.915100000000002)	(14500, 26.632)	(15000, 23.415333333333308)	(15500, 24.582666666666647)	(16000, 24.07800000000001)	(16500, 23.084666666666674)	(17000, 25.975666666666655)	(17500, 27.05)	(18000, 32.492)	(18500, 34.41414141414141)																											
minknow_barcode04	(1, 33.93421052631579)	(2, 36.31578947368421)	(3, 36.1578947368421)	(4, 37.69736842105263)	(5, 37.75)	(6, 38.26315789473684)	(7, 38.44736842105263)	(8, 39.46052631578947)	(9, 39.43421052631579)	(10, 39.17820781262963)	(500, 35.63566283171783)	(1000, 34.96763181662807)	(1500, 35.623415752268855)	(2000, 36.234110540184474)	(2500, 32.91131578947368)	(3000, 33.24374264705882)	(3500, 34.35709166666665)	(4000, 33.04520000000003)	(4500, 33.355243167943144)	(5000, 33.81177777777783)	(5500, 33.53891666666666)	(6000, 36.85)	(6500, 34.743999999999986)	(7000, 34.673142857142835)	(7500, 32.56080952380951)	(8000, 30.958333333333336)	(8500, 30.86526666666666)	(9000, 35.06200000000002)	(9500, 30.67229999999998)	(10000, 34.5325)	(10500, 33.172)	(11000, 33.7165)	(11500, 34.717)	(12000, 33.5575)	(12500, 35.263)	(13000, 33.076)	(13500, 32.64083333333332)	(14000, 34.786000000000016)	(14500, 31.762333333333327)	(15000, 40.002)	(15500, 38.058)	(16000, 38.908)	(16500, 32.696)	(17000, 30.922)	(17500, 32.968)	(18000, 32.298)	(18500, 32.454)	(19000, 36.46)	(19500, 38.282)	(20000, 31.884)	(20500, 36.08)	(21000, 32.708)	(21500, 30.612)	(22000, 36.134)	(22500, 34.042)	(23000, 42.406)	(23500, 37.59)	(24000, 28.388)	(24500, 34.204)	(25000, 31.228)	(25500, 40.3)	(26000, 34.776)	(26500, 36.496)	(27000, 32.808)	(27500, 38.454)	(28000, 31.966)	(28500, 35.538)	(29000, 35.45)	(29500, 34.782)	(30000, 34.918)	(30500, 34.384)	(31000, 33.2)		
minknow_barcode05	(1, 35.137697600767105)	(2, 36.322957815908)	(3, 35.6399800120198)	(4, 36.140732937625344)	(5, 36.43097394134608)	(6, 36.96859321083943)	(7, 37.215937713131964)	(8, 37.31826131583035)	(9, 37.45032379177387)	(10, 39.2325599006432)	(2000, 39.48533579928792)	(4000, 39.476495350030625)	(6000, 39.32418868169487)	(8000, 38.94195474098115)	(10000, 38.3603235155313)	(12000, 37.22589233445147)	(14000, 35.47942782836062)	(16000, 33.431399231429374)	(18000, 31.668801453145957)	(20000, 30.316105444901453)	(22000, 29.9927849486382)	(24000, 30.465584828680143)	(26000, 29.690785109883652)	(28000, 29.50836501358742)	(30000, 30.287033250459643)	(32000, 30.602654933182738)	(34000, 30.906357137328627)	(36000, 32.29670238095239)	(38000, 33.34089920634917)	(40000, 30.798154761904755)	(42000, 27.051533333333342)	(44000, 29.583)	(46000, 27.41941666666667)	(48000, 25.031)	(50000, 26.304)	(52000, 24.28625)	(54000, 25.0075)	(56000, 22.98)	(58000, 24.60175)	(60000, 26.6705)	(62000, 23.88225)	(64000, 24.59525)	(66000, 26.108)	(68000, 26.91675)	(70000, 28.2845)	(72000, 27.45575)	(74000, 28.658)	(76000, 28.51125)	(78000, 26.00425)	(80000, 24.192146596858638)																								
minknow_barcode06	(1, 27.89830508474576)	(2, 31.54237288135593)	(3, 31.389830508474578)	(4, 33.728813559322035)	(5, 34.644067796610166)	(6, 35.42372881355932)	(7, 35.898305084745765)	(8, 35.813559322033896)	(9, 36.0)	(10, 37.76455273248491)	(500, 35.037889670451406)	(1000, 34.463293719541134)	(1500, 34.87227776305819)	(2000, 37.27275395228267)	(2500, 39.16197802197801)	(3000, 39.75373076923075)	(3500, 38.26592727272728)	(4000, 39.508311111111105)	(4500, 39.35577777777772)	(5000, 39.299777777777756)	(5500, 38.76844444444444)	(6000, 37.334611111111116)	(6500, 35.70096428571431)	(7000, 37.448285714285674)	(7500, 35.306)	(8000, 38.419714285714306)	(8500, 34.9618095238095)	(9000, 36.92033333333333)	(9500, 32.642666666666656)	(10000, 28.62866666666667)	(10500, 28.284333333333343)	(11000, 27.116000000000007)	(11500, 26.63600000000001)	(12000, 30.227866666666664)	(12500, 28.5084)	(13000, 30.921999999999997)	(13500, 30.444399999999995)	(14000, 27.583000000000027)	(14500, 29.04866666666667)	(15000, 32.973333333333315)	(15500, 30.657333333333344)	(16000, 35.487999999999985)	(16500, 35.481333333333296)	(17000, 31.000666666666653)	(17500, 29.73133333333333)	(18000, 29.066666666666652)	(18500, 28.920666666666666)	(19000, 27.440347071583513)																										
minknow_barcode07	(1, 35.30232558139535)	(2, 36.674418604651166)	(3, 36.46511627906977)	(4, 36.0)	(5, 36.0)	(6, 35.25581395348837)	(7, 35.16279069767442)	(8, 35.02325581395349)	(9, 35.30232558139535)	(10, 36.202000890449874)	(500, 35.604411146930886)	(1000, 35.87664421247456)	(1500, 35.56889983660133)	(2000, 35.66341025641025)	(2500, 38.57769696969701)	(3000, 35.28000000000001)	(3500, 38.72748888888889)	(4000, 37.449)	(4500, 38.32275)	(5000, 39.49125)	(5500, 39.37815476190478)	(6000, 42.77733333333335)	(6500, 38.96466666666665)	(7000, 37.33999999999997)	(7500, 33.40833333333335)	(8000, 32.691)	(8500, 32.32100000000001)	(9000, 33.355666666666664)	(9500, 33.152666666666654)	(10000, 34.18500000000003)	(10500, 33.68493333333333)	(11000, 33.0116)	(11500, 32.55840000000002)	(12000, 33.39719999999997)	(12500, 33.002800000000015)	(13000, 36.755)	(13500, 34.0355)	(14000, 34.0175)	(14500, 34.38249999999999)	(15000, 33.960666666666654)	(15500, 36.817)	(16000, 39.074)	(16500, 40.404)	(17000, 30.78)	(17500, 38.821)	(18000, 38.028)	(18500, 37.767)	(19000, 37.397)	(19500, 37.725)	(20000, 35.999)	(20500, 34.942)	(21000, 38.888)	(21500, 32.672)	(22000, 34.179)	(22500, 33.448)	(23000, 32.486)	(23500, 33.283)	(24000, 37.968)	(24500, 35.019)	(25000, 33.292)	(25500, 33.898)	(26000, 34.723)	(26500, 33.949)	(27000, 37.215)	(27500, 28.586)	(28000, 22.903508771929825)								
minknow_barcode08	(1, 31.45205479452055)	(2, 34.78082191780822)	(3, 33.9041095890411)	(4, 35.0958904109589)	(5, 35.863013698630134)	(6, 37.19178082191781)	(7, 37.56164383561644)	(8, 37.657534246575345)	(9, 39.15068493150685)	(10, 38.16323927402888)	(500, 36.116740413392456)	(1000, 35.81679692365337)	(1500, 37.28595593761079)	(2000, 35.76610333333335)	(2500, 36.203075098814224)	(3000, 38.116331230035854)	(3500, 38.01680693277309)	(4000, 40.373527472527456)	(4500, 39.243230769230806)	(5000, 39.71046153846159)	(5500, 39.281025641025636)	(6000, 39.072893939393936)	(6500, 38.466036363636384)	(7000, 38.75339999999999)	(7500, 39.440444444444466)	(8000, 37.90044444444449)	(8500, 36.33688888888885)	(9000, 37.64219444444444)	(9500, 33.91702380952385)	(10000, 31.937199999999994)	(10500, 33.38679999999998)	(11000, 33.29679999999998)	(11500, 29.235800000000015)	(12000, 32.899)	(12500, 29.5415)	(13000, 28.122)	(13500, 28.3535)	(14000, 30.5825)	(14500, 29.251)	(15000, 31.7925)	(15500, 31.02766666666667)	(16000, 32.81066666666667)	(16500, 32.89)	(17000, 29.499)	(17500, 27.308)	(18000, 31.971)	(18500, 34.41)	(19000, 29.896)	(19500, 35.374)	(20000, 32.896)	(20500, 32.674)	(21000, 30.772)	(21500, 30.998)	(22000, 37.608)	(22500, 28.743961352657006)																			
minknow_barcode09	(1, 34.34275687268473)	(2, 36.284070968999806)	(3, 35.47002339637356)	(4, 36.20647299668551)	(5, 36.29952232403977)	(6, 36.73094170403587)	(7, 37.03207252875804)	(8, 37.25643400272958)	(9, 37.48108793137064)	(10, 39.10805275685717)	(1000, 39.37103830456728)	(2000, 39.24492479253911)	(3000, 39.178154876638274)	(4000, 39.23898852970306)	(5000, 39.04371806773945)	(6000, 38.74074314199484)	(7000, 38.47253859881213)	(8000, 38.426273075417434)	(9000, 38.063249087486795)	(10000, 37.365090511452685)	(11000, 38.22817520891276)	(12000, 38.558468026529276)	(13000, 38.58716173482301)	(14000, 38.556071194908505)	(15000, 37.76269169029286)	(16000, 37.56403554778559)	(17000, 36.6535242063492)	(18000, 32.069600000000015)	(19000, 28.77979999999999)	(20000, 27.34118333333334)	(21000, 27.801833333333366)	(22000, 32.1715)	(23000, 31.9155)	(24000, 32.342)	(25000, 27.229)	(26000, 24.113)	(27000, 25.788)	(28000, 26.855)	(29000, 23.476)	(30000, 25.509)	(31000, 24.242)	(32000, 31.821)	(33000, 25.475)	(34000, 25.522)	(35000, 22.82943143812709)																													
minknow_barcode10	(1, 36.676703228427364)	(2, 38.814371400578295)	(3, 38.18409921858198)	(4, 38.63956794991278)	(5, 38.422491456974214)	(6, 38.645088058881164)	(7, 38.716156474777165)	(8, 38.72201113580424)	(9, 38.63287690873898)	(10, 39.534137735362734)	(1000, 39.74208151630391)	(2000, 39.674048326802136)	(3000, 39.640584277048355)	(4000, 39.41297651557806)	(5000, 39.26126604929523)	(6000, 39.13781466414093)	(7000, 38.90161566031718)	(8000, 38.572400841143)	(9000, 38.19873477614133)	(10000, 37.76902446484737)	(11000, 37.377637947188006)	(12000, 37.15011824339394)	(13000, 36.53176655553013)	(14000, 36.49418116555811)	(15000, 36.01014851882942)	(16000, 35.29991061868809)	(17000, 34.41527420345911)	(18000, 33.95430458496735)	(19000, 33.555489746907654)	(20000, 33.142427579549164)	(21000, 32.72809006644521)	(22000, 32.38435913145377)	(23000, 32.92426232806555)	(24000, 33.11821198786892)	(25000, 32.7488984206831)	(26000, 32.66511542600267)	(27000, 32.65195012478269)	(28000, 30.503642522921034)	(29000, 29.88136575030455)	(30000, 31.534166615791584)	(31000, 31.50352766798419)	(32000, 31.753065538847085)	(33000, 30.455180718954242)	(34000, 31.00645622710621)	(35000, 31.027749999999987)	(36000, 31.86450000000001)	(37000, 32.37991666666669)	(38000, 28.643625757575727)	(39000, 29.722676587301592)	(40000, 28.587333333333344)	(41000, 29.52103333333334)	(42000, 29.979849999999995)	(43000, 28.1555)	(44000, 30.368)	(45000, 31.24275)	(46000, 29.715)	(47000, 25.19925)	(48000, 30.56225)	(49000, 30.53125)	(50000, 30.553)	(51000, 29.523583333333338)	(52000, 30.08833333333334)	(53000, 27.459666666666696)	(54000, 30.971166666666665)	(55000, 24.876)	(56000, 23.892)	(57000, 25.268)	(58000, 26.429)	(59000, 29.702)	(60000, 29.648)	(61000, 36.123)	(62000, 32.853)	(63000, 27.582781456953644)	
minknow_barcode11	(1, 34.19804171417075)	(2, 35.826520689423916)	(3, 35.014117094762256)	(4, 35.40781973040038)	(5, 35.53728790825565)	(6, 35.86483133257327)	(7, 36.06996512641674)	(8, 36.18204681107907)	(9, 36.42279189859835)	(10, 39.02408603370592)	(1000, 39.430522046941164)	(2000, 39.48567087436509)	(3000, 39.47621979824306)	(4000, 39.51884602386286)	(5000, 39.60706363019155)	(6000, 39.55985448394452)	(7000, 39.47509275305752)	(8000, 39.42281212370769)	(9000, 39.23479714974139)	(10000, 39.189121789855804)	(11000, 38.92173318150287)	(12000, 38.15783576516938)	(13000, 37.9711350372023)	(14000, 38.0369658623842)	(15000, 37.322637099532756)	(16000, 35.95848086675489)	(17000, 34.06583019248437)	(18000, 33.248926423233)	(19000, 33.0083206595834)	(20000, 33.31164384437623)	(21000, 33.10573218406119)	(22000, 31.705454545454508)	(23000, 31.911486111111106)	(24000, 31.60242857142859)	(25000, 32.003452380952425)	(26000, 30.351833333333367)	(27000, 29.431833333333337)	(28000, 28.136500000000005)	(29000, 29.77610000000001)	(30000, 29.405799999999985)	(31000, 29.63759999999999)	(32000, 29.831949999999974)	(33000, 29.26025)	(34000, 27.1825)	(35000, 27.9415)	(36000, 27.458083333333338)	(37000, 27.325666666666642)	(38000, 29.392666666666646)	(39000, 27.95566666666668)	(40000, 27.165999999999997)	(41000, 28.421)	(42000, 31.659000000000013)	(43000, 31.189500000000006)	(44000, 33.4495)	(45000, 28.751)	(46000, 29.812)	(47000, 31.078)	(48000, 33.5325)	(49000, 29.647)	(50000, 26.988)														
minknow_barcode12	(1, 34.232)	(2, 33.392)	(3, 34.008)	(4, 34.024)	(5, 33.976)	(6, 35.512)	(7, 34.304)	(8, 33.672)	(9, 35.032)	(10, 36.080768591395476)	(1000, 35.843289191729326)	(2000, 33.28333016983016)	(3000, 34.41545454545453)	(4000, 34.60329675324676)	(5000, 36.81157142857143)	(6000, 36.025285714285715)	(7000, 37.89271428571427)	(8000, 37.56971428571433)	(9000, 35.22176190476192)	(10000, 32.43966666666664)	(11000, 32.753000000000036)	(12000, 34.50803333333333)	(13000, 32.12220000000005)	(14000, 32.773399999999995)	(15000, 28.920799999999975)	(16000, 30.16520000000003)	(17000, 29.45119999999999)	(18000, 31.42539999999995)	(19000, 32.90565000000001)	(20000, 31.8255)	(21000, 31.579)	(22000, 32.773)	(23000, 32.68841666666666)	(24000, 31.18566666666667)	(25000, 32.26466666666666)	(26000, 30.674999999999994)	(27000, 30.911666666666637)	(28000, 35.78033333333333)	(29000, 34.7085)	(30000, 44.819)	(31000, 44.562)	(32000, 40.921)	(33000, 27.367)	(34000, 20.365)	(35000, 24.829)	(36000, 18.595)	(37000, 23.81)	(38000, 21.836)	(39000, 18.542)	(40000, 22.961)	(41000, 22.242)	(42000, 26.856)	(43000, 27.583)	(44000, 23.219)	(45000, 25.149)	(46000, 27.663)	(47000, 21.214)	(48000, 26.49)	(49000, 27.272)	(50000, 28.435)	(51000, 27.897)	(52000, 33.017)	(53000, 29.637)	(54000, 28.461)	(55000, 29.151)	(56000, 29.061)	(57000, 26.275)	(58000, 20.096)	(59000, 26.574)	(60000, 23.34)	(61000, 24.159)	(62000, 30.946)	(63000, 27.704)	(64000, 22.307692307692307)
minknow_barcode13	(1, 31.369565217391305)	(2, 32.869565217391305)	(3, 32.47826086956522)	(4, 36.34782608695652)	(5, 37.0)	(6, 37.78260869565217)	(7, 38.30434782608695)	(8, 37.41304347826087)	(9, 36.869565217391305)	(10, 35.65965796317797)	(1000, 33.761192907664395)	(2000, 32.86207202560514)	(3000, 34.61008253968254)	(4000, 37.386999999999986)	(5000, 36.9012619047619)	(6000, 36.62333333333329)	(7000, 37.17783333333335)	(8000, 35.35510000000003)	(9000, 36.94065)	(10000, 36.52425)	(11000, 36.4215)	(12000, 35.849333333333355)	(13000, 31.901333333333348)	(14000, 32.9195)	(15000, 32.4175)	(16000, 8.8135)	(17000, 8.0705)	(18000, 20.1955)	(19000, 21.9105)	(20000, 25.17)	(21000, 16.433)	(22000, 24.829)	(23000, 24.63)	(24000, 20.255)	(25000, 6.815)	(26000, 7.711)	(27000, 5.391)	(28000, 9.708)	(29000, 18.464)	(30000, 21.33)	(31000, 23.241)	(32000, 32.402)	(33000, 36.41614906832298)																															
minknow_barcode14	(1, 35.63768755516328)	(2, 37.33495145631068)	(3, 36.98278905560459)	(4, 37.8486319505737)	(5, 38.03883495145631)	(6, 38.44836716681377)	(7, 38.72153574580759)	(8, 38.577669902912625)	(9, 38.70035304501324)	(10, 39.20050123212165)	(1000, 39.75332390053075)	(2000, 39.696409517805726)	(3000, 39.56120852046971)	(4000, 39.30605632068303)	(5000, 39.3604126638886)	(6000, 38.89776297667305)	(7000, 38.74093427859187)	(8000, 38.74673368292751)	(9000, 39.059913999008415)	(10000, 37.943398989898995)	(11000, 37.767871031746054)	(12000, 30.699099999999998)	(13000, 32.13140000000003)	(14000, 32.160400000000024)	(15000, 33.58776666666665)	(16000, 37.4405)	(17000, 39.356)	(18000, 32.691)	(19000, 34.347)	(20000, 38.636)	(21000, 31.611)	(22000, 32.444)	(23000, 31.872)	(24000, 35.738)	(25000, 33.028)	(26000, 32.313)	(27000, 34.778)	(28000, 32.483)	(29000, 35.177)	(30000, 39.775)	(31000, 37.098)	(32000, 34.896)	(33000, 34.506)	(34000, 34.831)	(35000, 36.74948453608248)																													
minknow_barcode15	(1, 35.6397581348959)	(2, 36.474629098616134)	(3, 35.7797032788929)	(4, 36.11002368781947)	(5, 36.41540954993143)	(6, 36.90175788555043)	(7, 37.10297967834435)	(8, 37.28724597930432)	(9, 37.420832813863605)	(10, 39.28087719792959)	(500, 39.96797579074672)	(1000, 40.071537511827344)	(1500, 40.19252637920248)	(2000, 40.22335968430175)	(2500, 40.37319859332129)	(3000, 40.14009816434187)	(3500, 40.13553949809)	(4000, 40.258379104634656)	(4500, 40.36870493326065)	(5000, 40.17639033242971)	(5500, 39.99382243972038)	(6000, 40.00330244793741)	(6500, 39.86683725055372)	(7000, 39.88008254641003)	(7500, 39.66261727753986)	(8000, 39.605131026928134)	(8500, 39.43446433173537)	(9000, 39.11674843695676)	(9500, 38.695898960852574)	(10000, 38.814864523544095)	(10500, 37.809227147505005)	(11000, 37.87862625762205)	(11500, 37.703324712670636)	(12000, 38.04825882280062)	(12500, 37.29063935627621)	(13000, 38.074543490365585)	(13500, 37.11404775408515)	(14000, 35.82700905144931)	(14500, 36.42374568633632)	(15000, 35.980172443544525)	(15500, 35.83260298477528)	(16000, 34.83092497212936)	(16500, 34.28896047430832)	(17000, 33.69367965367966)	(17500, 32.61363508280508)	(18000, 33.123650129282495)	(18500, 33.8622692307692)	(19000, 33.905712121212126)	(19500, 33.62502777777778)	(20000, 31.358321428571408)	(20500, 32.32180952380951)	(21000, 32.2666666666667)	(21500, 26.9868)	(22000, 28.556)	(22500, 26.22566666666668)	(23000, 24.025999999999986)	(23500, 27.954000000000015)	(24000, 27.15)	(24500, 27.289999999999992)	(25000, 27.494666666666667)	(25500, 29.473)	(26000, 26.996)	(26500, 17.882)	(27000, 26.615384615384617)										
minknow_barcode16	(1, 33.6)	(2, 36.2)	(3, 35.833333333333336)	(4, 38.93333333333333)	(5, 39.166666666666664)	(6, 38.86666666666667)	(7, 39.233333333333334)	(8, 37.3)	(9, 37.93333333333333)	(10, 37.35055252347124)	(1000, 35.0049419234361)	(2000, 33.30066025641025)	(3000, 33.13544047619047)	(4000, 35.670333333333346)	(5000, 36.355666666666686)	(6000, 39.2145)	(7000, 41.168)	(8000, 38.295)	(9000, 38.6305)	(10000, 41.064)	(11000, 42.932)	(12000, 41.697)	(13000, 42.834)	(14000, 36.94)	(15000, 40.902)	(16000, 40.114)	(17000, 35.367)	(18000, 36.878)	(19000, 38.409)	(20000, 42.943)	(21000, 41.179)	(22000, 34.264)	(23000, 39.439)	(24000, 39.84)	(25000, 38.997)	(26000, 40.057)	(27000, 42.949)	(28000, 41.989)	(29000, 43.226)	(30000, 42.104)	(31000, 44.113)	(32000, 43.709)	(33000, 44.02102102102102)																															
minknow_barcode17	(1, 34.955885866355196)	(2, 36.19154698937505)	(3, 35.82614993064911)	(4, 36.49547311242808)	(5, 36.57106641094218)	(6, 36.837593656882326)	(7, 36.97376777738697)	(8, 36.99343821134435)	(9, 37.0515195808419)	(10, 39.09584263498564)	(2000, 39.822439289583194)	(4000, 39.69290373849079)	(6000, 39.39393511472288)	(8000, 38.87381447264175)	(10000, 38.06499451797766)	(12000, 36.81341308101028)	(14000, 35.61567426842702)	(16000, 34.44340234151195)	(18000, 33.52308859285916)	(20000, 32.56631871829742)	(22000, 32.30120946163209)	(24000, 31.674595528279927)	(26000, 32.336765343010455)	(28000, 31.932032928007484)	(30000, 31.09191048474049)	(32000, 28.547087986188547)	(34000, 27.164633953956084)	(36000, 27.506981239439092)	(38000, 26.3875107323232)	(40000, 25.24171428571427)	(42000, 27.31166666666667)	(44000, 26.426083333333267)	(46000, 24.741750000000003)	(48000, 25.275666666666712)	(50000, 25.225199999999955)	(52000, 27.53109999999995)	(54000, 26.20887499999999)	(56000, 27.663375)	(58000, 32.25208333333334)	(60000, 29.4645)	(62000, 32.7685)	(64000, 31.6405)	(66000, 34.48039215686274)																															
minknow_barcode18	(1, 35.56518275941914)	(2, 36.89595448380801)	(3, 36.480551751513346)	(4, 37.16493533128246)	(5, 37.48575171181899)	(6, 37.916973967119844)	(7, 38.16990374119282)	(8, 38.22469121100857)	(9, 38.29203929740994)	(10, 38.89148761994911)	(1000, 39.658354654116906)	(2000, 39.86790581820804)	(3000, 39.963954094043615)	(4000, 39.97532469649494)	(5000, 39.89549838847093)	(6000, 39.860684699632934)	(7000, 39.732770951289275)	(8000, 39.52987847234171)	(9000, 39.30473058860164)	(10000, 38.989569615034405)	(11000, 38.69999142213308)	(12000, 38.514124946369414)	(13000, 38.1500320458955)	(14000, 37.31996578019135)	(15000, 36.78976480587802)	(16000, 36.011420942490815)	(17000, 35.516395526753655)	(18000, 34.59603748708689)	(19000, 34.46808855274005)	(20000, 34.235400621309395)	(21000, 33.16471943240947)	(22000, 32.26105326412988)	(23000, 32.253172372096564)	(24000, 31.449486035548915)	(25000, 30.887949782962576)	(26000, 29.89419788183086)	(27000, 29.44877170828502)	(28000, 31.216083610612266)	(29000, 31.560770539243375)	(30000, 30.73022397660819)	(31000, 29.677325163398685)	(32000, 28.839798076923074)	(33000, 28.78823076923079)	(34000, 29.84121561771557)	(35000, 30.99137878787878)	(36000, 31.026898809523782)	(37000, 29.741566666666664)	(38000, 30.422)	(39000, 36.74416666666665)	(40000, 36.47633333333332)	(41000, 36.1283333333333)	(42000, 38.84666666666667)	(43000, 37.152333333333324)	(44000, 38.45166666666667)	(45000, 37.0435)	(46000, 36.165)	(47000, 33.2765)	(48000, 38.6605)	(49000, 37.884)	(50000, 36.5475)	(51000, 37.942)	(52000, 36.0885)	(53000, 34.39)	(54000, 37.4865)	(55000, 35.717)	(56000, 35.948)	(57000, 35.5355)	(58000, 35.7335)	(59000, 33.989)	(60000, 34.1495)	(61000, 28.531)	(62000, 29.25783619817998)		
minknow_barcode19	(1, 26.813725490196077)	(2, 28.764705882352942)	(3, 28.54901960784314)	(4, 31.225490196078432)	(5, 31.558823529411764)	(6, 32.96078431372549)	(7, 32.42156862745098)	(8, 32.76470588235294)	(9, 34.21568627450981)	(10, 36.62085937570314)	(500, 37.46185762566382)	(1000, 35.25293310747223)	(1500, 34.86458470072241)	(2000, 36.69344615384616)	(2500, 33.645300699300684)	(3000, 34.11295000000001)	(3500, 32.78175)	(4000, 31.324)	(4500, 31.747928571428567)	(5000, 35.874866666666684)	(5500, 34.877333333333304)	(6000, 35.98933333333333)	(6500, 37.23266666666668)	(7000, 38.053333333333335)	(7500, 37.191)	(8000, 34.211)	(8500, 37.719)	(9000, 38.321)	(9500, 34.202)	(10000, 42.001)	(10500, 33.599)	(11000, 32.151)	(11500, 33.836)	(12000, 35.413)	(12500, 32.576)	(13000, 28.073)	(13500, 34.554)	(14000, 36.031)	(14500, 35.639)	(15000, 29.345)	(15500, 26.159)	(16000, 34.423)	(16500, 28.456)	(17000, 29.044)	(17500, 30.01)	(18000, 30.182)	(18500, 28.46)	(19000, 26.598)	(19500, 26.346)	(20000, 27.0)	(20500, 34.63049095607235)																							
minknow_barcode20	(1, 35.10537221002172)	(2, 37.738076321760765)	(3, 37.242567662106175)	(4, 38.49559747662471)	(5, 38.83082922199984)	(6, 39.386872121813084)	(7, 39.551862418863266)	(8, 39.587990242299995)	(9, 39.60868946302233)	(10, 41.24198102643954)	(5000, 41.13632394123193)	(10000, 40.67806926764856)	(15000, 40.08704500865936)	(20000, 39.32001045760459)	(25000, 38.50807314447105)	(30000, 37.60853587595262)	(35000, 36.32775718679435)	(40000, 34.93934105189243)	(45000, 33.394330634675924)	(50000, 31.41363731305928)	(55000, 30.445837430478168)	(60000, 29.437647384240456)	(65000, 28.363615740274295)	(70000, 27.796057598238118)	(75000, 27.786937851105897)	(80000, 29.40722339067793)	(85000, 31.913294913419918)	(90000, 32.63910999999993)	(95000, 37.2319)	(100000, 42.9754)	(105000, 44.3526)	(110000, 44.3952)	(115000, 44.4246)	(120000, 40.4688)	(125000, 43.23)	(130000, 42.0714)	(135000, 42.2486)	(140000, 43.608)	(145000, 41.986594318544526)																																			
minknow_unclassified	(1, 2.7959580107066717)	(2, 3.4593173535522994)	(3, 3.9388593696668988)	(4, 4.39052292933853)	(5, 4.495990813358607)	(6, 4.552052966551264)	(7, 4.543747866759521)	(8, 4.779398130676081)	(9, 5.092532910649089)	(10, 39.844705985660276)	(5000, 40.25575400879817)	(10000, 39.98407248370653)	(15000, 39.56174753341003)	(20000, 38.961226617686066)	(25000, 38.104411763316975)	(30000, 37.01191554005277)	(35000, 35.71659279784138)	(40000, 34.2613852854091)	(45000, 32.62511799069569)	(50000, 31.919293605274397)	(55000, 31.19174442601403)	(60000, 30.86385045824076)	(65000, 31.113504001615826)	(70000, 31.05682358035735)	(75000, 31.883832577754266)	(80000, 31.119360427106674)	(85000, 31.214659791271313)	(90000, 32.71420772207526)	(95000, 32.05699182467625)	(100000, 32.22987135674155)	(105000, 31.762691531279152)	(110000, 28.74155903339762)	(115000, 30.108588439444635)	(120000, 29.098265046316733)	(125000, 26.028078086080523)	(130000, 30.591579809634776)	(135000, 30.089035714285668)	(140000, 25.57428333333329)	(145000, 24.5202)	(150000, 29.124383333333338)	(155000, 25.7478)	(160000, 28.6286)	(165000, 33.4458)	(170000, 33.3134)	(175000, 23.1058)	(180000, 23.2906)	(185000, 34.975)	(190000, 31.3666)	(195000, 34.3988)	(200000, 29.5592)	(205000, 27.3806)	(210000, 17.007)	(215000, 15.8108)	(220000, 35.85893186003683)																				
