Sample	0	1	2	3	4	5	6	7	8	9	10	11	12	13	14	15	16	17	18	19	20	21	22	23	24	25	26	27	28	29	30	31	32	33	34	35	36	37	38	39	40	41	42	43	44	45	46	47	48	49	50	51	52	53	54	55	56	57	58	59	60	61	62	63	64	65	66	67	68	69	70	71	72	73
dorado_barcode01	(1, 33.391642875681285)	(2, 35.094731378146896)	(3, 34.59563976122502)	(4, 35.35349078640021)	(5, 35.49338178043083)	(6, 36.0716324941604)	(7, 36.349169262720665)	(8, 36.318099195014284)	(9, 36.29480519480519)	(10, 37.434440709133405)	(1000, 37.7369593120406)	(2000, 37.603136122450024)	(3000, 37.39654127637077)	(4000, 37.589958145532314)	(5000, 37.484995802532545)	(6000, 37.20865638557025)	(7000, 37.34421553393215)	(8000, 37.240415378208624)	(9000, 36.914552928224936)	(10000, 36.885401443487495)	(11000, 36.07636616086891)	(12000, 36.237497772126545)	(13000, 34.54258806953882)	(14000, 35.8480369380903)	(15000, 35.78612283342455)	(16000, 35.698893411990575)	(17000, 34.782476167196634)	(18000, 34.47003594771243)	(19000, 34.32885472689073)	(20000, 33.432012121212125)	(21000, 31.199255555555574)	(22000, 30.08913888888889)	(23000, 27.897767857142878)	(24000, 30.413833333333343)	(25000, 27.969450000000002)	(26000, 28.17625)	(27000, 29.64625)	(28000, 32.502083333333324)	(29000, 34.4485)	(30000, 33.3925)	(31000, 31.9165)	(32000, 34.872)	(33000, 34.8005)	(34000, 32.874)	(35000, 33.211)	(36000, 34.381)	(37000, 35.6185)	(38000, 34.4955)	(39000, 35.349)	(40000, 34.677)	(41000, 31.485)	(42000, 27.431428571428572)																						
dorado_barcode02	(1, 32.558686858852376)	(2, 34.33274621396518)	(3, 33.956355493401546)	(4, 34.962338800329256)	(5, 35.44477390003629)	(6, 35.94749327290752)	(7, 36.30008232346927)	(8, 36.30226011207606)	(9, 36.405166842259035)	(10, 37.637051090245336)	(10000, 34.05070171483496)	(20000, 28.818491446808896)	(30000, 19.275258581482404)	(40000, 7.082125000000006)	(50000, 5.9107875)	(60000, 4.917078690476087)	(70000, 3.19415)	(80000, 3.371425)	(90000, 3.25945)	(100000, 3.152283333333194)	(110000, 3.1522999999999506)	(120000, 3.1341999999999484)	(130000, 3.111033333333203)	(140000, 3.149799999999931)	(150000, 3.1329000000000016)	(160000, 3.117633333333286)	(170000, 3.1101999999999204)	(180000, 3.1365666666666585)	(190000, 3.1589333333332323)	(200000, 3.0970333333332793)	(210000, 3.0731666666666295)	(220000, 3.13249999999988)	(230000, 3.1140666666665933)	(240000, 3.1597333333331954)	(250000, 3.114833333333289)	(260000, 3.095799999999929)	(270000, 3.139133333333216)	(280000, 3.3309333333333373)	(290000, 3.44175)	(300000, 3.4687)	(310000, 3.4723)	(320000, 3.42965)	(330000, 3.42655)	(340000, 3.4232)	(350000, 3.40515)	(360000, 3.39055)	(370000, 3.45665)	(380000, 3.49655)	(390000, 3.42525)	(400000, 3.4492)	(410000, 3.4542)	(420000, 3.47815)	(430000, 3.4839)	(440000, 3.4252)	(450000, 3.45825)	(460000, 3.4548)	(470000, 3.4721)	(480000, 3.4268)	(490000, 3.12835)	(500000, 2.7693)	(510000, 2.8655)	(520000, 2.7734)	(530000, 2.7625)	(540000, 2.79487917146145)										
dorado_barcode03	(1, 33.041009463722396)	(2, 34.66719242902208)	(3, 34.405362776025235)	(4, 35.29652996845426)	(5, 35.285488958990534)	(6, 36.04574132492114)	(7, 36.162460567823345)	(8, 36.2807570977918)	(9, 36.495268138801265)	(10, 37.69413597096892)	(500, 38.58288686474691)	(1000, 38.904131976942516)	(1500, 39.3435511165406)	(2000, 39.25530652865218)	(2500, 39.138416831023164)	(3000, 38.18312329979039)	(3500, 37.779770695545665)	(4000, 37.35716769717951)	(4500, 37.2234889440933)	(5000, 36.690487361525435)	(5500, 36.47199278533984)	(6000, 36.78652616866338)	(6500, 36.806435665886)	(7000, 36.536539090970706)	(7500, 36.053418486368145)	(8000, 34.94893070607552)	(8500, 35.98282537647539)	(9000, 35.827090909090906)	(9500, 31.801947322852566)	(10000, 33.44384451324389)	(10500, 33.66914887955185)	(11000, 33.26989010989011)	(11500, 32.02593939393939)	(12000, 30.65676363636361)	(12500, 30.125400000000003)	(13000, 29.078199999999992)	(13500, 31.021600000000017)	(14000, 30.842333333333325)	(14500, 30.81266666666669)	(15000, 28.971388888888892)	(15500, 28.355809523809544)	(16000, 26.457266666666666)	(16500, 26.1616)	(17000, 29.066199999999995)	(17500, 30.0725)	(18000, 34.755999999999986)	(18500, 41.439)	(19000, 46.46)	(19500, 46.016)	(20000, 40.456)	(20500, 43.898)	(21000, 38.586)	(21500, 43.422)	(22000, 42.164)	(22500, 45.166)	(23000, 45.84)	(23500, 46.8)	(24000, 46.766)	(24500, 45.396)	(25000, 45.854)	(25500, 43.316)	(26000, 37.31578947368421)												
dorado_barcode04	(1, 31.21496815286624)	(2, 33.019904458598724)	(3, 32.679140127388536)	(4, 34.86305732484077)	(5, 35.10111464968153)	(6, 35.895617529880475)	(7, 36.16095617529881)	(8, 36.20557768924303)	(9, 36.27091633466136)	(10, 37.864223932641764)	(2000, 38.721251299546694)	(4000, 38.40009408953569)	(6000, 39.5171404848348)	(8000, 38.95375340281648)	(10000, 40.058208010418234)	(12000, 39.071030611428206)	(14000, 38.06889645225757)	(16000, 38.77728345191033)	(18000, 39.85823898348807)	(20000, 38.29264243697486)	(22000, 38.656403563103595)	(24000, 36.35250456349202)	(26000, 36.133480952380914)	(28000, 31.193125)	(30000, 30.43912500000003)	(32000, 25.19366666666665)	(34000, 21.76925)	(36000, 22.779)	(38000, 20.349)	(40000, 22.75425)	(42000, 21.91375)	(44000, 21.303)	(46000, 21.934)	(48000, 2.6865)	(50000, 2.679)	(52000, 2.6685)	(54000, 2.71)	(56000, 2.7065)	(58000, 2.7065)	(60000, 2.716)	(62000, 2.6845)	(64000, 2.72)	(66000, 2.7125)	(68000, 2.67)	(70000, 2.7595)	(72000, 2.706)	(74000, 2.688)	(76000, 2.76)	(78000, 2.6725)	(80000, 2.7205)	(82000, 3.0065)	(84000, 2.772893772893773)																						
dorado_barcode05	(1, 33.02025304373843)	(2, 34.14303597420738)	(3, 33.51490527838299)	(4, 33.994921137210056)	(5, 34.24673508233191)	(6, 34.76263087948074)	(7, 34.983232644759326)	(8, 35.08818626749057)	(9, 35.211646884953964)	(10, 37.11945460327616)	(10000, 32.02330320654031)	(20000, 22.26630405304473)	(30000, 14.425368122046589)	(40000, 7.359418575532809)	(50000, 6.201090902904725)	(60000, 5.7600414843285686)	(70000, 5.067889261718374)	(80000, 3.702507178929713)	(90000, 3.6173889892715896)	(100000, 3.6310740183792025)	(110000, 3.5654113970588397)	(120000, 3.5409375)	(130000, 3.58285083333325)	(140000, 3.586852380952359)	(150000, 3.5716318681318597)	(160000, 3.5379384615384573)	(170000, 3.6513287878787057)	(180000, 3.6616454545453316)	(190000, 3.6375272727272)	(200000, 3.769625454545516)	(210000, 3.8802666666668992)	(220000, 3.873411111111219)	(230000, 3.8666930555556718)	(240000, 4.0199875)	(250000, 3.9118875)	(260000, 3.9729875)	(270000, 4.0009)	(280000, 4.0076125)	(290000, 4.0350125)	(300000, 4.006475)	(310000, 4.0358625)	(320000, 3.975125)	(330000, 3.984394642857166)	(340000, 4.14013571428573)	(350000, 4.054439999999972)	(360000, 5.034685000000005)	(370000, 3.883175)	(380000, 3.924975)	(390000, 4.017491666666717)	(400000, 4.270700000000137)	(410000, 4.197900000000007)	(420000, 4.1351)	(430000, 4.208)	(440000, 4.1102)	(450000, 4.126)	(460000, 4.451588212782243)																		
dorado_barcode06	(1, 26.595061728395063)	(2, 30.36172839506173)	(3, 30.44567901234568)	(4, 33.117283950617285)	(5, 33.37283950617284)	(6, 34.617283950617285)	(7, 35.08888888888889)	(8, 35.758024691358024)	(9, 35.98888888888889)	(10, 37.60178895537843)	(500, 38.19477855622027)	(1000, 38.04438484287442)	(1500, 37.893649666775985)	(2000, 38.59179882883741)	(2500, 38.85366756095197)	(3000, 38.7327075410429)	(3500, 38.76145643495984)	(4000, 38.69599397657304)	(4500, 39.33211413413583)	(5000, 38.89109957443717)	(5500, 39.06368429399424)	(6000, 39.741639920700244)	(6500, 38.96474488626417)	(7000, 40.409896290199676)	(7500, 39.46794407965529)	(8000, 39.05829262391354)	(8500, 37.95250694329422)	(9000, 38.04229539088363)	(9500, 37.91424242424244)	(10000, 36.36666335364209)	(10500, 36.02701293278881)	(11000, 36.21561538461539)	(11500, 35.26786254180603)	(12000, 35.303995379753765)	(12500, 34.43144444444444)	(13000, 34.93358251633986)	(13500, 35.00663489010987)	(14000, 35.27560256410258)	(14500, 34.71473030303036)	(15000, 35.16124444444442)	(15500, 34.892444444444415)	(16000, 35.394888888888914)	(16500, 34.88644444444446)	(17000, 34.46281349206348)	(17500, 31.768571428571434)	(18000, 31.369142857142872)	(18500, 35.74769523809528)	(19000, 36.996133333333354)	(19500, 42.16366666666667)	(20000, 39.098)	(20500, 42.705)	(21000, 39.571)	(21500, 40.368)	(22000, 39.793)	(22500, 36.12903225806452)																			
dorado_barcode07	(1, 32.26065162907268)	(2, 33.6203007518797)	(3, 33.13032581453634)	(4, 34.06390977443609)	(5, 34.54385964912281)	(6, 35.30576441102757)	(7, 35.555834378920956)	(8, 35.447236180904525)	(9, 35.42462311557789)	(10, 36.98535299966929)	(1000, 38.226567581208315)	(2000, 37.576674794652476)	(3000, 38.04954629460477)	(4000, 36.653385546151206)	(5000, 38.15419226968108)	(6000, 38.38935581465568)	(7000, 37.54456184203777)	(8000, 37.39529128534258)	(9000, 37.53805382827111)	(10000, 38.36772612102068)	(11000, 37.33378260869569)	(12000, 38.33350947675512)	(13000, 36.900024866701095)	(14000, 35.54704226190474)	(15000, 39.10070879120884)	(16000, 38.41730769230776)	(17000, 36.52264743589742)	(18000, 36.763451515151516)	(19000, 35.054255555555535)	(20000, 34.63863492063489)	(21000, 36.86073809523808)	(22000, 37.04616666666664)	(23000, 38.28839999999998)	(24000, 37.05940000000001)	(25000, 36.979199999999985)	(26000, 34.256)	(27000, 30.483500000000046)	(28000, 14.674)	(29000, 16.231)	(30000, 13.956)	(31000, 15.089)	(32000, 12.862)	(33000, 13.878)	(34000, 14.298)	(35000, 14.296)	(36000, 13.2)	(37000, 9.074)	(38000, 8.995)	(39000, 8.639)	(40000, 14.506)	(41000, 10.248)	(42000, 8.767)	(43000, 11.54)	(44000, 16.206)	(45000, 22.354)	(46000, 10.161)	(47000, 18.715)	(48000, 24.058)	(49000, 19.174)	(50000, 15.293203883495146)														
dorado_barcode08	(1, 30.242424242424242)	(2, 32.24731182795699)	(3, 31.66177908113392)	(4, 34.3900293255132)	(5, 35.11436950146628)	(6, 35.96871945259042)	(7, 36.22678396871945)	(8, 36.84261974584555)	(9, 36.84637964774951)	(10, 38.03160395854347)	(1000, 38.148218157860846)	(2000, 37.35050657239129)	(3000, 37.62227778264765)	(4000, 37.54536876083218)	(5000, 38.128545963783644)	(6000, 38.41040547896769)	(7000, 38.3654022944243)	(8000, 37.731396273488876)	(9000, 37.436174247792216)	(10000, 37.50665692004838)	(11000, 39.32893570797017)	(12000, 39.375854966555266)	(13000, 37.46968577428613)	(14000, 37.83831642156859)	(15000, 38.01554405594412)	(16000, 38.77441515151519)	(17000, 37.72008333333333)	(18000, 39.35322619047621)	(19000, 40.06766666666668)	(20000, 38.544566666666654)	(21000, 39.37220000000002)	(22000, 40.50934999999998)	(23000, 40.70625)	(24000, 40.22866666666667)	(25000, 39.98166666666671)	(26000, 40.60100000000002)	(27000, 44.648)	(28000, 44.551)	(29000, 44.708)	(30000, 44.859)	(31000, 43.679)	(32000, 46.262)	(33000, 45.81)	(34000, 42.707)	(35000, 43.971)	(36000, 43.32)	(37000, 45.218)	(38000, 45.029)	(39000, 42.74)	(40000, 42.679)	(41000, 45.482)	(42000, 30.35378590078329)																						
dorado_barcode09	(1, 32.564515252025444)	(2, 34.38388342123865)	(3, 33.61263661573596)	(4, 34.32355499972813)	(5, 34.43048230112555)	(6, 34.86695850780358)	(7, 35.13102004187855)	(8, 35.32685142375371)	(9, 35.5327893376853)	(10, 36.75935617162673)	(10000, 29.27504344167492)	(20000, 15.35058560258153)	(30000, 5.779631428571413)	(40000, 3.8846800000000163)	(50000, 3.6396999999998165)	(60000, 3.601939999999977)	(70000, 3.505220000000068)	(80000, 3.537325000000013)	(90000, 3.89915)	(100000, 3.98195)	(110000, 3.92385)	(120000, 3.93985)	(130000, 3.835625)	(140000, 3.7286416666667646)	(150000, 3.49768333333332)	(160000, 3.1715)	(170000, 3.2159)	(180000, 3.2561)	(190000, 3.22535)	(200000, 3.2463)	(210000, 3.1887)	(220000, 3.36825)	(230000, 3.3513)	(240000, 2.82565)	(250000, 2.447)	(260000, 2.4644)	(270000, 2.4517)	(280000, 2.3918)	(290000, 2.4551)	(300000, 2.5354)	(310000, 2.5121)	(320000, 2.4603)	(330000, 2.6296)	(340000, 2.4305)	(350000, 2.4587)	(360000, 2.50744646157191)																												
dorado_barcode10	(1, 34.69308935468147)	(2, 36.73497318984589)	(3, 36.17316609796643)	(4, 36.60254102766008)	(5, 36.438855350156864)	(6, 36.719308771600886)	(7, 36.78349542477124)	(8, 36.83545023815179)	(9, 36.692902556280046)	(10, 37.760575807269475)	(10000, 35.13526496593149)	(20000, 30.32826555147459)	(30000, 24.093669164227155)	(40000, 15.442847116464526)	(50000, 8.037458529444393)	(60000, 4.137777070706951)	(70000, 3.05385)	(80000, 3.0640625)	(90000, 3.078825)	(100000, 3.141398214285802)	(110000, 3.039330952381003)	(120000, 3.1080000000000494)	(130000, 3.1144166666666337)	(140000, 3.1087733333334246)	(150000, 3.079660000000157)	(160000, 3.0872400000001385)	(170000, 3.1563200000001777)	(180000, 3.1492000000001683)	(190000, 3.1779000000000037)	(200000, 3.17955)	(210000, 3.078625)	(220000, 2.846350000000044)	(230000, 2.59693333333334)	(240000, 2.6258)	(250000, 2.9198)	(260000, 2.8433)	(270000, 3.5066)	(280000, 2.8091)	(290000, 2.8207)	(300000, 2.6898)	(310000, 2.8008)	(320000, 2.9194)	(330000, 2.9044)	(340000, 2.7416)	(350000, 2.9968563344860106)																													
dorado_barcode11	(1, 32.215361856877436)	(2, 33.787270950187995)	(3, 33.053422208916324)	(4, 33.449611242702545)	(5, 33.55461533720183)	(6, 33.893514156135794)	(7, 34.084563356465985)	(8, 34.18871430836166)	(9, 34.41499977980359)	(10, 37.346737406131254)	(5000, 37.219123196913934)	(10000, 35.68049002549666)	(15000, 30.739020218993677)	(20000, 27.825598039983376)	(25000, 19.980563410593213)	(30000, 15.995224847473608)	(35000, 14.260850316438543)	(40000, 9.944850335363846)	(45000, 6.473553333333329)	(50000, 3.3722128205128197)	(55000, 3.0181666666666636)	(60000, 2.8939236363635947)	(65000, 2.9333999999999305)	(70000, 2.8415133333332427)	(75000, 2.9251333333332736)	(80000, 2.9766222222221774)	(85000, 2.9570996031745898)	(90000, 2.8976000000000637)	(95000, 2.968128571428562)	(100000, 3.0476266666666345)	(105000, 2.9155199999999772)	(110000, 2.963080000000006)	(115000, 2.993920000000003)	(120000, 2.9779999999999727)	(125000, 2.850359999999982)	(130000, 2.9030400000000443)	(135000, 2.951999999999998)	(140000, 2.8707999999999734)	(145000, 2.926119999999985)	(150000, 2.965719999999971)	(155000, 2.895319999999995)	(160000, 2.93127999999995)	(165000, 2.90467000000001)	(170000, 3.20525)	(175000, 3.00795)	(180000, 2.93095)	(185000, 3.204300000000069)	(190000, 3.1412000000000275)	(195000, 3.125466666666845)	(200000, 3.097533333333356)	(205000, 3.421666666666689)	(210000, 3.3407)	(215000, 3.3016)	(220000, 3.3099)	(225000, 3.2044)	(230000, 3.3289)	(235000, 3.2847)	(240000, 3.3303)	(245000, 3.2818)	(250000, 3.6725)	(255000, 3.758)	(260000, 3.9098)	(265000, 3.8958)	(270000, 3.9222)	(275000, 3.9814)	(280000, 3.8144)	(285000, 3.9372)	(290000, 3.8088)	(295000, 3.9318)	(300000, 3.9234)	(305000, 3.895)	(310000, 3.9478)	(315000, 3.8914)	(320000, 3.860326894502229)
dorado_barcode12	(1, 32.10498687664042)	(2, 32.799650043744535)	(3, 32.45319335083115)	(4, 32.86876640419948)	(5, 32.67716535433071)	(6, 33.63835376532399)	(7, 33.620840630472856)	(8, 33.35144609991236)	(9, 34.11744084136722)	(10, 37.42812242856382)	(1000, 38.63296474350034)	(2000, 38.94907167921268)	(3000, 38.762247716734514)	(4000, 38.3635187484)	(5000, 38.6459260612793)	(6000, 38.83761014836847)	(7000, 39.87462182869821)	(8000, 37.753732847045214)	(9000, 37.181797599640966)	(10000, 36.3796767491087)	(11000, 35.0318583402855)	(12000, 34.68318320632107)	(13000, 34.282158991081424)	(14000, 35.704684362091)	(15000, 35.60689181286544)	(16000, 33.320102124183)	(17000, 32.2737326923077)	(18000, 31.039185897435914)	(19000, 35.66126868686868)	(20000, 32.78609722222222)	(21000, 32.07363095238097)	(22000, 32.33766666666665)	(23000, 32.338950000000004)	(24000, 28.1485)	(25000, 28.73675)	(26000, 27.3505)	(27000, 27.95025)	(28000, 29.535416666666695)	(29000, 30.182999999999986)	(30000, 32.756)	(31000, 31.456)	(32000, 29.9945)	(33000, 22.0015)	(34000, 18.361)	(35000, 18.9305)	(36000, 17.043)	(37000, 18.7305)	(38000, 19.1935)	(39000, 18.0475)	(40000, 21.143)	(41000, 19.4)	(42000, 25.655)	(43000, 27.379)	(44000, 23.672)	(45000, 24.98)	(46000, 27.138)	(47000, 20.919)	(48000, 26.064)	(49000, 27.605)	(50000, 28.823)	(51000, 28.202)	(52000, 32.538)	(53000, 29.678)	(54000, 28.618)	(55000, 28.89)	(56000, 28.844)	(57000, 26.582)	(58000, 19.591)	(59000, 26.42)	(60000, 23.337)	(61000, 24.218)	(62000, 30.569)	(63000, 27.825)	(64000, 22.65432098765432)
dorado_barcode13	(1, 30.596534653465348)	(2, 32.29455445544554)	(3, 31.98391089108911)	(4, 34.73267326732673)	(5, 34.96782178217822)	(6, 35.5259900990099)	(7, 35.618811881188115)	(8, 36.10891089108911)	(9, 36.210396039603964)	(10, 37.445211852657984)	(1000, 37.420438193365996)	(2000, 37.460864151326966)	(3000, 38.307602136659305)	(4000, 38.85097416451475)	(5000, 39.44395927400875)	(6000, 38.75774280914258)	(7000, 39.377467612824624)	(8000, 39.194962538590154)	(9000, 38.6899940053041)	(10000, 39.34881087098087)	(11000, 38.69930059585721)	(12000, 38.72239426814582)	(13000, 39.058304761904786)	(14000, 39.44695054945054)	(15000, 39.58884615384615)	(16000, 32.390743589743614)	(17000, 32.555886363636375)	(18000, 34.110777777777734)	(19000, 33.08347222222222)	(20000, 34.34676785714285)	(21000, 32.587571428571444)	(22000, 34.605857142857154)	(23000, 33.98771428571429)	(24000, 37.11833333333328)	(25000, 30.72483333333331)	(26000, 29.040833333333342)	(27000, 27.547100000000032)	(28000, 30.071599999999997)	(29000, 33.41090000000004)	(30000, 36.463)	(31000, 36.8755)	(32000, 40.31525)	(33000, 42.50899999999999)	(34000, 43.1625)	(35000, 41.483)	(36000, 38.301)	(37000, 41.15294117647059)																											
dorado_barcode14	(1, 33.88166560441895)	(2, 35.466751646483964)	(3, 35.09942638623327)	(4, 36.138304652645)	(5, 36.464202251965155)	(6, 36.8361665958351)	(7, 37.04548352816153)	(8, 37.08862911795962)	(9, 37.20331773713313)	(10, 37.747351358865934)	(1000, 38.18847626503795)	(2000, 38.26768829182036)	(3000, 38.66586193832607)	(4000, 38.34587292135833)	(5000, 37.88709557294004)	(6000, 37.38490451742554)	(7000, 37.53146760436874)	(8000, 37.402751601298334)	(9000, 37.230177432062895)	(10000, 36.04948548790735)	(11000, 35.69169760161742)	(12000, 34.944629156223876)	(13000, 35.65638888888894)	(14000, 37.26940334967317)	(15000, 36.752350865800835)	(16000, 35.157607142857096)	(17000, 35.544571428571416)	(18000, 36.95682857142859)	(19000, 37.11219999999999)	(20000, 34.8965)	(21000, 34.426)	(22000, 35.74333333333335)	(23000, 32.44416666666667)	(24000, 35.443)	(25000, 32.689)	(26000, 32.375)	(27000, 35.031)	(28000, 32.382)	(29000, 35.852)	(30000, 39.562)	(31000, 36.778)	(32000, 33.886)	(33000, 35.223)	(34000, 34.605)	(35000, 36.53284671532847)																													
dorado_barcode15	(1, 33.70533303687704)	(2, 34.49741130133723)	(3, 33.82628720261729)	(4, 34.144585967029826)	(5, 34.388685957500876)	(6, 34.83665300676642)	(7, 35.071206151499744)	(8, 35.190715261669475)	(9, 35.33223161507659)	(10, 37.85316410373835)	(2000, 38.168910493165995)	(4000, 38.10616789272289)	(6000, 37.68519453491014)	(8000, 37.225823294384526)	(10000, 35.46452815212301)	(12000, 34.74751455614568)	(14000, 33.55904579699512)	(16000, 31.174804567355245)	(18000, 29.977970923067808)	(20000, 27.414561066835923)	(22000, 26.92678168337507)	(24000, 27.2815447770775)	(26000, 25.84909480519481)	(28000, 25.61607142857141)	(30000, 25.895028571428597)	(32000, 23.055925000000006)	(34000, 23.597125)	(36000, 21.559)	(38000, 23.32704166666665)	(40000, 22.286166666666706)	(42000, 16.564166666666672)	(44000, 16.18191666666667)	(46000, 19.98275)	(48000, 11.08725)	(50000, 3.277)	(52000, 3.359)	(54000, 3.3155)	(56000, 3.3095)	(58000, 3.217)	(60000, 3.133)	(62000, 3.119)	(64000, 3.1965)	(66000, 3.05)	(68000, 3.1925)	(70000, 3.1425)																													
dorado_barcode16	(1, 33.09031198686371)	(2, 35.251231527093594)	(3, 34.59605911330049)	(4, 35.36124794745484)	(5, 35.49425287356322)	(6, 36.139573070607554)	(7, 36.41215106732348)	(8, 36.367816091954026)	(9, 36.20032840722496)	(10, 38.19012990205477)	(1000, 38.180385768075205)	(2000, 37.82328869200876)	(3000, 39.26274969422582)	(4000, 40.168617133510324)	(5000, 39.75808947783991)	(6000, 39.247371808842466)	(7000, 39.34636406606562)	(8000, 39.00736929824558)	(9000, 40.30935274276375)	(10000, 39.76488644688647)	(11000, 40.57113787878785)	(12000, 40.034444444444404)	(13000, 37.48071230158732)	(14000, 40.111190476190444)	(15000, 40.56213333333327)	(16000, 39.55220000000003)	(17000, 36.799199999999985)	(18000, 35.426283333333345)	(19000, 38.61883333333333)	(20000, 42.08)	(21000, 41.549)	(22000, 35.0945)	(23000, 40.1755)	(24000, 39.9225)	(25000, 40.8675)	(26000, 40.956)	(27000, 41.6325)	(28000, 41.2515)	(29000, 43.6815)	(30000, 40.1665)	(31000, 43.3015)	(32000, 43.4525)	(33000, 42.3185)	(34000, 39.003)	(35000, 36.686)	(36000, 43.196)	(37000, 40.898197242841995)																											
dorado_barcode17	(1, 33.055947833043064)	(2, 34.17520421350113)	(3, 33.83610482102383)	(4, 34.49937484056072)	(5, 34.55681759726715)	(6, 34.83436293334943)	(7, 34.97557819964441)	(8, 34.980286648940385)	(9, 35.03701997549091)	(10, 37.19903177865566)	(10000, 32.335403075549394)	(20000, 23.335760412975695)	(30000, 13.77882838605298)	(40000, 7.04168441799013)	(50000, 5.523678912091751)	(60000, 4.346851381215472)	(70000, 4.249656071358436)	(80000, 4.520564191180182)	(90000, 4.467370238451405)	(100000, 3.9720239124839156)	(110000, 3.8384500644626853)	(120000, 3.8062426881719666)	(130000, 3.8903333333333636)	(140000, 3.9244268947272367)	(150000, 3.87467036039886)	(160000, 4.15930117034186)	(170000, 4.260389619883041)	(180000, 5.047636964285698)	(190000, 3.84640714285712)	(200000, 3.7152837912088006)	(210000, 3.4345303030303715)	(220000, 3.3883290909091315)	(230000, 3.2879452777778257)	(240000, 3.3959107142857494)	(250000, 3.484842857142916)	(260000, 3.4687428571429844)	(270000, 3.4699571428572376)	(280000, 3.4370904761904923)	(290000, 3.464413333333458)	(300000, 3.287720000000222)	(310000, 3.2656000000001786)	(320000, 3.369620000000113)	(330000, 3.1202450000000024)	(340000, 3.132983333333384)	(350000, 3.3048833333333327)	(360000, 3.0434)	(370000, 3.8809)	(380000, 3.9708)	(390000, 4.0274)	(400000, 3.9939)	(410000, 4.1285)	(420000, 4.0621)	(430000, 4.0882)	(440000, 3.9512)	(450000, 3.9878)	(460000, 3.9898)	(470000, 4.0883)	(480000, 4.1368)	(490000, 4.0361)	(500000, 3.9529)	(510000, 4.0212)	(520000, 4.2453)	(530000, 4.1292)	(540000, 4.2614)	(550000, 4.312)	(560000, 4.2079)	(570000, 4.1774)	(580000, 4.2288)	(590000, 4.198)	(600000, 3.898064516129032)				
dorado_barcode18	(1, 33.5026384061428)	(2, 34.71775369726709)	(3, 34.33957790953906)	(4, 34.997670097003564)	(5, 35.2844090052023)	(6, 35.71975519693033)	(7, 35.97001726154929)	(8, 36.01725416967434)	(9, 36.08420788469197)	(10, 37.28436099247517)	(10000, 33.14138457905658)	(20000, 23.60101182657927)	(30000, 15.21304592026649)	(40000, 7.564439306074502)	(50000, 6.52484018847632)	(60000, 5.027239833512635)	(70000, 4.026388485789582)	(80000, 4.6818266621209945)	(90000, 3.7942665155677475)	(100000, 4.010046153846157)	(110000, 4.026050641025658)	(120000, 3.791528787878813)	(130000, 3.036410909090917)	(140000, 3.109442222222209)	(150000, 3.115477777777754)	(160000, 3.1338777777778133)	(170000, 3.3643337301587666)	(180000, 3.2303428571428414)	(190000, 3.3115500000000058)	(200000, 3.3059999999999934)	(210000, 3.2358833333333314)	(220000, 3.2905733333333473)	(230000, 3.3003200000000112)	(240000, 3.3968800000000394)	(250000, 3.024504999999988)	(260000, 2.905041666666734)	(270000, 2.6281666666667474)	(280000, 2.5010666666666217)	(290000, 2.586966666666695)	(300000, 2.493900000000047)	(310000, 2.596266666666748)	(320000, 2.567533333333348)	(330000, 2.588000000000006)	(340000, 2.4711333333333343)	(350000, 2.447433333333304)	(360000, 2.548199999999992)	(370000, 2.482)	(380000, 2.6057)	(390000, 2.6247)	(400000, 2.6291)	(410000, 2.6349)	(420000, 2.6062)	(430000, 2.6375)	(440000, 2.6306)	(450000, 2.6409)	(460000, 2.6442)	(470000, 2.6272)	(480000, 2.6388)	(490000, 2.6269)	(500000, 2.6275)	(510000, 2.6266)	(520000, 2.5541)	(530000, 2.6247)	(540000, 2.6334060908429477)										
dorado_barcode19	(1, 26.653254437869823)	(2, 29.441420118343196)	(3, 29.57278106508876)	(4, 32.08994082840237)	(5, 32.73136094674556)	(6, 33.86627218934911)	(7, 34.11597633136095)	(8, 34.38579881656805)	(9, 35.06272189349112)	(10, 37.844067567803286)	(500, 39.311284978567514)	(1000, 39.014085134654366)	(1500, 38.8581077381175)	(2000, 38.819163340090526)	(2500, 38.12656064533931)	(3000, 37.96194388778399)	(3500, 37.7829914434143)	(4000, 37.03510122696329)	(4500, 37.63224194922112)	(5000, 38.22839805118111)	(5500, 38.47891210735567)	(6000, 39.07146828345212)	(6500, 37.80823001613962)	(7000, 37.176985361945114)	(7500, 38.05943200399431)	(8000, 38.97125364012744)	(8500, 40.27361660079053)	(9000, 41.496419913419906)	(9500, 39.05053233082704)	(10000, 41.54849707602334)	(10500, 41.02665359477123)	(11000, 40.594419117647064)	(11500, 40.7759333333333)	(12000, 40.95360000000003)	(12500, 40.58275238095232)	(13000, 36.816853479853506)	(13500, 38.13894545454545)	(14000, 40.63960000000002)	(14500, 39.86539999999997)	(15000, 35.08897777777778)	(15500, 36.4177896825397)	(16000, 38.118380952380946)	(16500, 36.45306666666664)	(17000, 39.46679999999999)	(17500, 40.3695)	(18000, 39.17166666666666)	(18500, 37.358)	(19000, 34.581)	(19500, 33.984)	(20000, 33.562)	(20500, 42.209)	(21000, 47.248)	(21500, 44.234)	(22000, 46.828)	(22500, 45.402)	(23000, 47.754)	(23500, 43.944)	(24000, 45.012)	(24500, 44.484)	(25000, 46.088)	(25500, 47.29)	(26000, 46.63)	(26500, 46.5)	(27000, 46.408)	(27500, 43.108)	(28000, 45.5609756097561)								
dorado_barcode20	(1, 33.37725088410317)	(2, 35.91715482574591)	(3, 35.47954310373735)	(4, 36.69257456517085)	(5, 37.010559583781514)	(6, 37.57038294315891)	(7, 37.75219186660295)	(8, 37.79170358847756)	(9, 37.81553981017834)	(10, 39.27498169062249)	(20000, 36.335118467287124)	(40000, 28.17227920449006)	(60000, 17.565206151842702)	(80000, 9.335833858514876)	(100000, 5.162359884728045)	(120000, 5.518441428274247)	(140000, 4.730517035174218)	(160000, 3.905675952380933)	(180000, 3.9953724358974934)	(200000, 4.039231717171634)	(220000, 6.6170464285714115)	(240000, 3.831804642857488)	(260000, 6.214566666666663)	(280000, 3.635375)	(300000, 3.80195)	(320000, 3.74)	(340000, 3.71445)	(360000, 3.7193)	(380000, 3.7003)	(400000, 3.76765)	(420000, 3.77115)	(440000, 3.7733)	(460000, 3.68285)	(480000, 3.7603)	(500000, 3.80955)	(520000, 3.8215)	(540000, 3.80565)	(560000, 3.7519)	(580000, 3.687)	(600000, 3.89095)	(620000, 3.841)	(640000, 3.69605)	(660000, 3.6357427005929597)																															
dorado_barcode21	(1, 9.0)	(2, 8.0)	(3, 9.0)	(4, 6.0)	(5, 3.0)	(6, 4.0)	(7, 3.0)	(8, 2.0)	(9, 2.0)	(10, 3.8)	(15, 2.8)	(20, 6.0)	(25, 5.4)	(30, 4.2)	(35, 5.0)	(40, 5.8)	(45, 4.0)	(50, 2.6)	(55, 3.0)	(60, 3.0)	(65, 2.6)	(70, 3.6)	(75, 5.8)	(80, 11.4)	(85, 5.4)	(90, 3.2)	(95, 3.6)	(100, 3.4)	(105, 5.6)	(110, 4.4)	(115, 2.8)	(120, 4.0)	(125, 10.8)	(130, 10.4)	(135, 5.4)	(140, 4.0)	(145, 3.4)	(150, 4.0)	(155, 3.4)	(160, 3.6)	(165, 3.6)	(170, 5.0)	(175, 4.2)	(180, 4.4)	(185, 4.4)	(190, 4.6)	(195, 3.6)	(200, 4.6)	(205, 6.4)	(210, 4.8)	(215, 5.0)	(220, 4.2)	(225, 3.2)	(230, 6.8)	(235, 9.25)																			
dorado_barcode23	(1, 7.0)	(2, 11.0)	(3, 10.0)	(4, 7.0)	(5, 7.0)	(6, 7.0)	(7, 5.0)	(8, 6.0)	(9, 6.0)	(10, 4.825)	(50, 5.8)	(100, 6.42)	(150, 5.26)	(200, 8.36)	(250, 6.36)	(300, 4.42)	(350, 3.82)	(400, 5.38)	(450, 6.54)	(500, 5.94)	(550, 5.64)	(600, 5.86)	(650, 5.24)	(700, 7.56)	(750, 7.88)	(800, 5.06)	(850, 5.54)	(900, 4.9)	(950, 5.5)	(1000, 4.24)	(1050, 5.24)	(1100, 5.14)	(1150, 5.26)	(1200, 5.6)	(1250, 5.0)	(1300, 3.84)	(1350, 5.0)	(1400, 5.14)	(1450, 5.42)	(1500, 3.82)	(1550, 4.98)	(1600, 4.78)	(1650, 6.6)	(1700, 5.5)	(1750, 6.28)	(1800, 6.28)	(1850, 6.14)	(1900, 8.12)	(1950, 5.38)	(2000, 4.16)	(2050, 4.66)	(2100, 5.58)	(2150, 5.34)	(2200, 4.22)	(2250, 4.88)	(2300, 5.26)	(2350, 4.72)	(2400, 4.42)	(2450, 5.96)	(2500, 4.64)	(2550, 5.52)	(2600, 4.12)	(2650, 4.24)	(2700, 5.7)	(2750, 5.38)	(2800, 4.7)	(2850, 5.4)	(2900, 4.94)	(2950, 5.08)	(3000, 6.0606060606060606)				
dorado_barcode24	(1, 2.0)	(2, 3.0)	(3, 4.0)	(4, 4.0)	(5, 4.0)	(6, 3.0)	(7, 3.0)	(8, 3.0)	(9, 2.0)	(10, 6.889473684210526)	(200, 7.69)	(400, 4.25)	(600, 2.405)	(800, 2.08)	(1000, 3.29)	(1200, 2.685)	(1400, 3.475)	(1600, 1.38)	(1800, 1.925)	(2000, 1.62)	(2200, 3.73)	(2400, 3.335)	(2600, 7.0)	(2800, 5.43)	(3000, 5.14)	(3200, 6.1)	(3400, 8.52)	(3600, 5.78)	(3800, 4.355)	(4000, 3.51)	(4200, 3.455)	(4400, 3.39)	(4600, 5.32)	(4800, 3.34)	(5000, 1.135)	(5200, 1.115)	(5400, 2.765)	(5600, 1.51)	(5800, 3.03)	(6000, 2.165)	(6200, 2.65)	(6400, 4.595)	(6600, 4.755)	(6800, 4.985)	(7000, 8.76)	(7200, 6.19)	(7400, 3.81)	(7600, 4.38)	(7800, 6.55)	(8000, 6.47)	(8200, 5.88)	(8400, 5.8)	(8600, 6.46)	(8800, 5.53)	(9000, 5.685)	(9200, 4.67)	(9400, 4.575)	(9600, 4.14)	(9800, 3.115)	(10000, 2.315)	(10200, 2.58)	(10400, 3.33)	(10600, 2.11)	(10800, 2.14)	(11000, 3.38)	(11200, 1.77)	(11400, 3.028776978417266)							
dorado_unclassified	(1, 7.716088243983819)	(2, 8.805956091265125)	(3, 9.8846923656203)	(4, 10.93836427411526)	(5, 11.815150579459349)	(6, 12.0524416876426)	(7, 12.250746514046018)	(8, 11.993698533953703)	(9, 12.176320011376918)	(10, 22.980164307661635)	(20000, 21.716948297118176)	(40000, 16.978287536621334)	(60000, 13.91888484992366)	(80000, 11.184527751340465)	(100000, 9.289199508123906)	(120000, 6.89244836201247)	(140000, 5.259964237058163)	(160000, 4.4615653397428705)	(180000, 4.4728855764796025)	(200000, 4.265248547127101)	(220000, 4.009632058937059)	(240000, 3.835073050545578)	(260000, 3.829559730474884)	(280000, 3.718837350209769)	(300000, 3.5720874999999848)	(320000, 3.5868913701840373)	(340000, 3.6577340476190483)	(360000, 3.7405967032967333)	(380000, 3.415008158508302)	(400000, 3.311681212121131)	(420000, 3.070366666666461)	(440000, 2.985643055555554)	(460000, 2.96799375)	(480000, 2.96773125)	(500000, 2.929575)	(520000, 3.0052125)	(540000, 2.96474345238084)	(560000, 3.097454999999969)	(580000, 3.132308333333353)	(600000, 3.084183333333409)	(620000, 3.0528500000000047)	(640000, 3.10455)	(660000, 3.161775)	(680000, 3.179375)	(700000, 2.959325)	(720000, 2.8305)	(740000, 2.814453125)																											
