Sample	0	1	2	3	4	5	6	7	8	9	10	11	12	13	14	15	16	17	18	19	20	21	22	23	24	25	26	27	28	29	30	31	32	33	34	35	36	37	38	39	40	41	42	43	44	45	46	47	48	49	50	51	52	53	54	55	56	57	58	59	60	61	62	63	64	65	66	67	68	69	70	71	72	73
dorado_barcode01 - polya	(1, 0.0)	(2, 0.0)	(3, 0.0)	(4, 0.0)	(5, 0.0)	(6, 0.025953802232026993)	(7, 0.025953802232026993)	(8, 0.025953802232026993)	(9, 0.025953802232026993)	(10, 0.2911544723120143)	(1000, 0.4384635349078605)	(2000, 0.5063327277446158)	(3000, 0.5708279262911948)	(4000, 0.6488450558006653)	(5000, 0.6488450558006653)	(6000, 0.6651440436023847)	(7000, 0.6747988580326996)	(8000, 0.6815987542174936)	(9000, 0.7007526602647289)	(10000, 0.7087204775499627)	(11000, 0.7267064624967442)	(12000, 0.7520892810796719)	(13000, 0.7526602647287765)	(14000, 0.7526602647287765)	(15000, 0.7526602647287765)	(16000, 0.7526602647287765)	(17000, 0.7526602647287765)	(18000, 0.7526602647287765)	(19000, 0.7526602647287765)	(20000, 0.7526602647287765)	(21000, 0.7526602647287765)	(22000, 0.7526602647287765)	(23000, 0.7526602647287765)	(24000, 0.7526602647287765)	(25000, 0.7526602647287765)	(26000, 0.7526602647287765)	(27000, 0.7526602647287765)	(28000, 0.7526602647287765)	(29000, 0.7526602647287765)	(30000, 0.7526602647287765)	(31000, 0.7526602647287765)	(32000, 0.7526602647287765)	(33000, 0.7526602647287765)	(34000, 0.7526602647287765)	(35000, 0.7526602647287765)	(36000, 0.7526602647287765)	(37000, 0.7526602647287765)	(38000, 0.7526602647287765)	(39000, 0.7526602647287765)	(40000, 0.7526602647287765)	(41000, 0.7526602647287765)	(42000, 0.7526602647287852)																						
dorado_barcode01 - polyg	(1, 0.0)	(2, 0.0)	(3, 0.0)	(4, 0.0)	(5, 0.0)	(6, 0.0)	(7, 0.0)	(8, 0.0)	(9, 0.0)	(10, 0.0837075661887497)	(1000, 0.17256683104074444)	(2000, 0.19602906825850164)	(3000, 0.25022060731897283)	(4000, 0.2840643654295416)	(5000, 0.28549182455230315)	(6000, 0.28549182455230315)	(7000, 0.3045159615883736)	(8000, 0.31144562678432575)	(9000, 0.31144562678432575)	(10000, 0.31144562678432575)	(11000, 0.31144562678432575)	(12000, 0.33124837788735967)	(13000, 0.3373994290163498)	(14000, 0.3373994290163498)	(15000, 0.3373994290163498)	(16000, 0.3373994290163498)	(17000, 0.3373994290163498)	(18000, 0.3373994290163498)	(19000, 0.3373994290163498)	(20000, 0.3373994290163498)	(21000, 0.3373994290163498)	(22000, 0.3373994290163498)	(23000, 0.3373994290163498)	(24000, 0.3373994290163498)	(25000, 0.3373994290163498)	(26000, 0.3373994290163498)	(27000, 0.3373994290163498)	(28000, 0.3373994290163498)	(29000, 0.3373994290163498)	(30000, 0.3373994290163498)	(31000, 0.3373994290163498)	(32000, 0.3373994290163498)	(33000, 0.3373994290163498)	(34000, 0.3373994290163498)	(35000, 0.3373994290163498)	(36000, 0.3373994290163498)	(37000, 0.3373994290163498)	(38000, 0.3373994290163498)	(39000, 0.3373994290163498)	(40000, 0.3373994290163498)	(41000, 0.3373994290163498)	(42000, 0.3373994290163509)																						
dorado_barcode02 - polya	(1, 0.01858719607721652)	(2, 0.019472300652322073)	(3, 0.02212761437763872)	(4, 0.023012718952744267)	(5, 0.023012718952744267)	(6, 0.023897823527849815)	(7, 0.023897823527849815)	(8, 0.023897823527849815)	(9, 0.024782928102955366)	(10, 0.7045961354207604)	(10000, 0.8621528398580627)	(20000, 0.86651737902849)	(30000, 0.86651737902849)	(40000, 0.86651737902849)	(50000, 0.86651737902849)	(60000, 0.86651737902849)	(70000, 0.86651737902849)	(80000, 0.86651737902849)	(90000, 0.86651737902849)	(100000, 0.86651737902849)	(110000, 0.86651737902849)	(120000, 0.86651737902849)	(130000, 0.86651737902849)	(140000, 0.86651737902849)	(150000, 0.86651737902849)	(160000, 0.86651737902849)	(170000, 0.86651737902849)	(180000, 0.86651737902849)	(190000, 0.86651737902849)	(200000, 0.86651737902849)	(210000, 0.8668311486003242)	(220000, 0.8674024836036015)	(230000, 0.8674024836036015)	(240000, 0.8674024836036015)	(250000, 0.8674024836036015)	(260000, 0.8674024836036015)	(270000, 0.8674024836036015)	(280000, 0.8674024836036015)	(290000, 0.8674024836036015)	(300000, 0.8674024836036015)	(310000, 0.8674024836036015)	(320000, 0.8674024836036015)	(330000, 0.8674024836036015)	(340000, 0.8674024836036015)	(350000, 0.8674024836036015)	(360000, 0.8674024836036015)	(370000, 0.8674024836036015)	(380000, 0.8674024836036015)	(390000, 0.8674024836036015)	(400000, 0.8674024836036015)	(410000, 0.8674024836036015)	(420000, 0.8674024836036015)	(430000, 0.8674024836036015)	(440000, 0.8674024836036015)	(450000, 0.8674024836036015)	(460000, 0.8674024836036015)	(470000, 0.8674024836036015)	(480000, 0.8674024836036015)	(490000, 0.8674024836036015)	(500000, 0.8674024836036015)	(510000, 0.8674024836036015)	(520000, 0.8674024836036015)	(530000, 0.8674024836036015)	(540000, 0.867402483603578)										
dorado_barcode02 - polyg	(1, 0.0017702091502110975)	(2, 0.0044255228755277435)	(3, 0.0044255228755277435)	(4, 0.005310627450633292)	(5, 0.006195732025738841)	(6, 0.00708083660084439)	(7, 0.00708083660084439)	(8, 0.00708083660084439)	(9, 0.00708083660084439)	(10, 0.3657269824147022)	(10000, 0.4364377196166164)	(20000, 0.43724166010219007)	(30000, 0.4379098255459086)	(40000, 0.4381267646772658)	(50000, 0.4381267646772658)	(60000, 0.4381267646772658)	(70000, 0.4381267646772658)	(80000, 0.4381267646772658)	(90000, 0.4381267646772658)	(100000, 0.4381267646772658)	(110000, 0.4381267646772658)	(120000, 0.4381267646772658)	(130000, 0.4381267646772658)	(140000, 0.4381267646772658)	(150000, 0.4381267646772658)	(160000, 0.4381267646772658)	(170000, 0.4381267646772658)	(180000, 0.4381267646772658)	(190000, 0.4381267646772658)	(200000, 0.4381267646772658)	(210000, 0.4381267646772658)	(220000, 0.4381267646772658)	(230000, 0.4381267646772658)	(240000, 0.4381267646772658)	(250000, 0.4381267646772658)	(260000, 0.4381267646772658)	(270000, 0.4381267646772658)	(280000, 0.4381267646772658)	(290000, 0.4381267646772658)	(300000, 0.4381267646772658)	(310000, 0.4381267646772658)	(320000, 0.4381267646772658)	(330000, 0.4381267646772658)	(340000, 0.4381267646772658)	(350000, 0.4381267646772658)	(360000, 0.4381267646772658)	(370000, 0.4381267646772658)	(380000, 0.4381267646772658)	(390000, 0.4381267646772658)	(400000, 0.4381267646772658)	(410000, 0.4381267646772658)	(420000, 0.4381267646772658)	(430000, 0.4381267646772658)	(440000, 0.4381267646772658)	(450000, 0.4381267646772658)	(460000, 0.4381267646772658)	(470000, 0.4381267646772658)	(480000, 0.4381267646772658)	(490000, 0.4381267646772658)	(500000, 0.4381267646772658)	(510000, 0.4381267646772658)	(520000, 0.4381267646772658)	(530000, 0.4381267646772658)	(540000, 0.4381267646772364)										
dorado_barcode03 - polya	(1, 0.0)	(2, 0.0)	(3, 0.0)	(4, 0.0)	(5, 0.0)	(6, 0.0)	(7, 0.0)	(8, 0.0)	(9, 0.0)	(10, 0.15515354406746903)	(500, 0.1577287066246056)	(1000, 0.1577287066246056)	(1500, 0.1577287066246056)	(2000, 0.1577287066246056)	(2500, 0.1577287066246056)	(3000, 0.1577287066246056)	(3500, 0.1577287066246056)	(4000, 0.1577287066246056)	(4500, 0.2283911671924273)	(5000, 0.3154574132492112)	(5500, 0.3154574132492112)	(6000, 0.3154574132492112)	(6500, 0.3154574132492112)	(7000, 0.3154574132492112)	(7500, 0.3154574132492112)	(8000, 0.3154574132492112)	(8500, 0.3154574132492112)	(9000, 0.3154574132492112)	(9500, 0.3154574132492112)	(10000, 0.3154574132492112)	(10500, 0.3154574132492112)	(11000, 0.3154574132492112)	(11500, 0.3154574132492112)	(12000, 0.3154574132492112)	(12500, 0.3154574132492112)	(13000, 0.3154574132492112)	(13500, 0.3154574132492112)	(14000, 0.3154574132492112)	(14500, 0.3154574132492112)	(15000, 0.3154574132492112)	(15500, 0.3154574132492112)	(16000, 0.3154574132492112)	(16500, 0.3154574132492112)	(17000, 0.3154574132492112)	(17500, 0.3154574132492112)	(18000, 0.3154574132492112)	(18500, 0.3154574132492112)	(19000, 0.3154574132492112)	(19500, 0.3154574132492112)	(20000, 0.3154574132492112)	(20500, 0.3154574132492112)	(21000, 0.3154574132492112)	(21500, 0.3154574132492112)	(22000, 0.3154574132492112)	(22500, 0.3154574132492112)	(23000, 0.3154574132492112)	(23500, 0.3154574132492112)	(24000, 0.3154574132492112)	(24500, 0.3154574132492112)	(25000, 0.3154574132492112)	(25500, 0.3154574132492112)	(26000, 0.31545741324921217)												
dorado_barcode04 - polya	(1, 0.0)	(2, 0.0)	(3, 0.0)	(4, 0.0)	(5, 0.0)	(6, 0.0)	(7, 0.0)	(8, 0.0)	(9, 0.0)	(10, 0.35924046986524377)	(2000, 0.6677945859872364)	(4000, 0.7697452229299513)	(6000, 0.847412420382193)	(8000, 0.9597531847133749)	(10000, 1.035031847133734)	(12000, 1.035031847133734)	(14000, 1.035031847133734)	(16000, 1.035031847133734)	(18000, 1.035031847133734)	(20000, 1.035031847133734)	(22000, 1.035031847133734)	(24000, 1.035031847133734)	(26000, 1.035031847133734)	(28000, 1.035031847133734)	(30000, 1.035031847133734)	(32000, 1.035031847133734)	(34000, 1.035031847133734)	(36000, 1.035031847133734)	(38000, 1.035031847133734)	(40000, 1.035031847133734)	(42000, 1.035031847133734)	(44000, 1.035031847133734)	(46000, 1.035031847133734)	(48000, 1.035031847133734)	(50000, 1.035031847133734)	(52000, 1.035031847133734)	(54000, 1.035031847133734)	(56000, 1.035031847133734)	(58000, 1.035031847133734)	(60000, 1.035031847133734)	(62000, 1.035031847133734)	(64000, 1.035031847133734)	(66000, 1.035031847133734)	(68000, 1.035031847133734)	(70000, 1.035031847133734)	(72000, 1.035031847133734)	(74000, 1.035031847133734)	(76000, 1.035031847133734)	(78000, 1.035031847133734)	(80000, 1.035031847133734)	(82000, 1.035031847133734)	(84000, 1.0350318471337365)																						
dorado_barcode04 - polyg	(1, 0.0)	(2, 0.0)	(3, 0.0)	(4, 0.0)	(5, 0.0)	(6, 0.0)	(7, 0.0)	(8, 0.0)	(9, 0.0)	(10, 0.07813750280062744)	(2000, 0.14327229299363237)	(4000, 0.21735668789808962)	(6000, 0.23885350318471407)	(8000, 0.23885350318471407)	(10000, 0.23885350318471407)	(12000, 0.23885350318471407)	(14000, 0.23885350318471407)	(16000, 0.23885350318471407)	(18000, 0.23885350318471407)	(20000, 0.23885350318471407)	(22000, 0.23885350318471407)	(24000, 0.23885350318471407)	(26000, 0.23885350318471407)	(28000, 0.23885350318471407)	(30000, 0.23885350318471407)	(32000, 0.23885350318471407)	(34000, 0.23885350318471407)	(36000, 0.23885350318471407)	(38000, 0.23885350318471407)	(40000, 0.23885350318471407)	(42000, 0.23885350318471407)	(44000, 0.23885350318471407)	(46000, 0.23885350318471407)	(48000, 0.23885350318471407)	(50000, 0.23885350318471407)	(52000, 0.23885350318471407)	(54000, 0.23885350318471407)	(56000, 0.23885350318471407)	(58000, 0.23885350318471407)	(60000, 0.23885350318471407)	(62000, 0.23885350318471407)	(64000, 0.23885350318471407)	(66000, 0.23885350318471407)	(68000, 0.23885350318471407)	(70000, 0.23885350318471407)	(72000, 0.23885350318471407)	(74000, 0.23885350318471407)	(76000, 0.23885350318471407)	(78000, 0.23885350318471407)	(80000, 0.23885350318471407)	(82000, 0.23885350318471407)	(84000, 0.23885350318471407)																						
dorado_barcode05 - polya	(1, 0.017804470206880602)	(2, 0.019089328881603945)	(3, 0.020190636317081095)	(4, 0.02147549499180444)	(5, 0.022026148709543013)	(6, 0.022393251188035396)	(7, 0.023494558623512546)	(8, 0.024412314819743507)	(9, 0.02477941729823589)	(10, 0.6125743516415831)	(10000, 0.7748970919976877)	(20000, 0.7801352956183241)	(30000, 0.7811491408882344)	(40000, 0.7814945109001368)	(50000, 0.7815611767102351)	(60000, 0.7816461242238238)	(70000, 0.7817447279494585)	(80000, 0.7817447279494585)	(90000, 0.7817447279494585)	(100000, 0.7817447279494585)	(110000, 0.7818007110774718)	(120000, 0.7819282791888289)	(130000, 0.7820557555245841)	(140000, 0.7821118304281641)	(150000, 0.7821118304281641)	(160000, 0.7821118304281641)	(170000, 0.7821118304281641)	(180000, 0.7821118304281641)	(190000, 0.7821118304281641)	(200000, 0.7821118304281641)	(210000, 0.7822296152584043)	(220000, 0.7822953816674156)	(230000, 0.7822953816674156)	(240000, 0.7822953816674156)	(250000, 0.7822953816674156)	(260000, 0.7822953816674156)	(270000, 0.7822953816674156)	(280000, 0.7822953816674156)	(290000, 0.7822953816674156)	(300000, 0.7822953816674156)	(310000, 0.7822953816674156)	(320000, 0.7822953816674156)	(330000, 0.7822953816674156)	(340000, 0.7822953816674156)	(350000, 0.7822953816674156)	(360000, 0.7822953816674156)	(370000, 0.7822953816674156)	(380000, 0.7822953816674156)	(390000, 0.7822953816674156)	(400000, 0.7822953816674156)	(410000, 0.7822953816674156)	(420000, 0.7822953816674156)	(430000, 0.7822953816674156)	(440000, 0.7822953816674156)	(450000, 0.7822953816674156)	(460000, 0.7822953816673245)																		
dorado_barcode05 - polyg	(1, 0.0005506537177385753)	(2, 0.0009177561962309588)	(3, 0.0011013074354771506)	(4, 0.0011013074354771506)	(5, 0.0014684099139695341)	(6, 0.0014684099139695341)	(7, 0.0018355123924619176)	(8, 0.002202614870954301)	(9, 0.002386166110200493)	(10, 0.28077149573386)	(10000, 0.3452044118375036)	(20000, 0.34680842940712725)	(30000, 0.347055103917609)	(40000, 0.3470953934146195)	(50000, 0.3470953934146195)	(60000, 0.3470953934146195)	(70000, 0.3470953934146195)	(80000, 0.3471770002954651)	(90000, 0.3472789446537814)	(100000, 0.3472789446537814)	(110000, 0.34738470687787915)	(120000, 0.3474624958930669)	(130000, 0.3474624958930669)	(140000, 0.3474624958930669)	(150000, 0.3474624958930669)	(160000, 0.3474624958930669)	(170000, 0.3474624958930669)	(180000, 0.3474624958930669)	(190000, 0.3474624958930669)	(200000, 0.3474624958930669)	(210000, 0.3474624958930669)	(220000, 0.3474624958930669)	(230000, 0.3476260584023954)	(240000, 0.34764604713234837)	(250000, 0.34764604713234837)	(260000, 0.34764604713234837)	(270000, 0.34764604713234837)	(280000, 0.34764604713234837)	(290000, 0.34764604713234837)	(300000, 0.34764604713234837)	(310000, 0.34764604713234837)	(320000, 0.34764604713234837)	(330000, 0.34764604713234837)	(340000, 0.34764604713234837)	(350000, 0.34764604713234837)	(360000, 0.34764604713234837)	(370000, 0.34764604713234837)	(380000, 0.34764604713234837)	(390000, 0.34764604713234837)	(400000, 0.34764604713234837)	(410000, 0.34764604713234837)	(420000, 0.34764604713234837)	(430000, 0.34764604713234837)	(440000, 0.34764604713234837)	(450000, 0.34764604713234837)	(460000, 0.34764604713231134)																		
dorado_barcode06 - polya	(1, 0.0)	(2, 0.0)	(3, 0.0)	(4, 0.0)	(5, 0.0)	(6, 0.0)	(7, 0.0)	(8, 0.0)	(9, 0.0)	(10, 0.2673217435122178)	(500, 0.5666666666666671)	(1000, 0.7069135802469171)	(1500, 0.7407407407407459)	(2000, 0.7407407407407459)	(2500, 0.7407407407407459)	(3000, 0.7407407407407459)	(3500, 0.7407407407407459)	(4000, 0.7407407407407459)	(4500, 0.7407407407407459)	(5000, 0.7407407407407459)	(5500, 0.7407407407407459)	(6000, 0.7407407407407459)	(6500, 0.8456790123456835)	(7000, 0.8641975308642021)	(7500, 0.9409876543209826)	(8000, 1.1111111111110987)	(8500, 1.1111111111110987)	(9000, 1.1111111111110987)	(9500, 1.1111111111110987)	(10000, 1.1111111111110987)	(10500, 1.1325925925925824)	(11000, 1.2345679012345654)	(11500, 1.2345679012345654)	(12000, 1.2345679012345654)	(12500, 1.2345679012345654)	(13000, 1.2345679012345654)	(13500, 1.2345679012345654)	(14000, 1.2345679012345654)	(14500, 1.2345679012345654)	(15000, 1.2345679012345654)	(15500, 1.2345679012345654)	(16000, 1.2345679012345654)	(16500, 1.2345679012345654)	(17000, 1.2345679012345654)	(17500, 1.2345679012345654)	(18000, 1.3580246913580114)	(18500, 1.3580246913580114)	(19000, 1.3580246913580114)	(19500, 1.3580246913580114)	(20000, 1.3580246913580114)	(20500, 1.3580246913580114)	(21000, 1.3580246913580114)	(21500, 1.3580246913580114)	(22000, 1.3580246913580114)	(22500, 1.3580246913580252)																			
dorado_barcode06 - polyg	(1, 0.0)	(2, 0.0)	(3, 0.0)	(4, 0.0)	(5, 0.0)	(6, 0.0)	(7, 0.0)	(8, 0.0)	(9, 0.0)	(10, 0.11312673217435047)	(500, 0.12345679012345594)	(1000, 0.12345679012345594)	(1500, 0.12345679012345594)	(2000, 0.12345679012345594)	(2500, 0.1296296296296287)	(3000, 0.24691358024691187)	(3500, 0.24691358024691187)	(4000, 0.35506172839506384)	(4500, 0.37037037037037296)	(5000, 0.37037037037037296)	(5500, 0.37037037037037296)	(6000, 0.37037037037037296)	(6500, 0.37037037037037296)	(7000, 0.37037037037037296)	(7500, 0.37037037037037296)	(8000, 0.37037037037037296)	(8500, 0.37037037037037296)	(9000, 0.37037037037037296)	(9500, 0.37037037037037296)	(10000, 0.37037037037037296)	(10500, 0.37037037037037296)	(11000, 0.37037037037037296)	(11500, 0.37037037037037296)	(12000, 0.37037037037037296)	(12500, 0.37037037037037296)	(13000, 0.37037037037037296)	(13500, 0.37037037037037296)	(14000, 0.4913580246913546)	(14500, 0.49382716049382375)	(15000, 0.49382716049382375)	(15500, 0.49382716049382375)	(16000, 0.49382716049382375)	(16500, 0.49382716049382375)	(17000, 0.49382716049382375)	(17500, 0.49382716049382375)	(18000, 0.49382716049382375)	(18500, 0.49382716049382375)	(19000, 0.49382716049382375)	(19500, 0.49382716049382375)	(20000, 0.49382716049382375)	(20500, 0.49382716049382375)	(21000, 0.49382716049382375)	(21500, 0.49382716049382375)	(22000, 0.49382716049382375)	(22500, 0.49382716049382686)																			
dorado_barcode07 - polya	(1, 0.0)	(2, 0.0)	(3, 0.0)	(4, 0.0)	(5, 0.0)	(6, 0.0)	(7, 0.0)	(8, 0.0)	(9, 0.0)	(10, 0.124174071542491)	(1000, 0.21679197994987245)	(2000, 0.25062656641603676)	(3000, 0.357518796992473)	(4000, 0.43972431077693525)	(5000, 0.5323308270676614)	(6000, 0.6265664160400883)	(7000, 0.7234335839598836)	(8000, 0.7518796992481026)	(9000, 0.7518796992481026)	(10000, 0.7518796992481026)	(11000, 0.7518796992481026)	(12000, 0.7518796992481026)	(13000, 0.7518796992481026)	(14000, 0.7518796992481026)	(15000, 0.7518796992481026)	(16000, 0.7518796992481026)	(17000, 0.7518796992481026)	(18000, 0.7518796992481026)	(19000, 0.7518796992481026)	(20000, 0.7518796992481026)	(21000, 0.7518796992481026)	(22000, 0.7518796992481026)	(23000, 0.7518796992481026)	(24000, 0.7518796992481026)	(25000, 0.7518796992481026)	(26000, 0.7518796992481026)	(27000, 0.7518796992481026)	(28000, 0.7518796992481026)	(29000, 0.7518796992481026)	(30000, 0.7518796992481026)	(31000, 0.7518796992481026)	(32000, 0.7518796992481026)	(33000, 0.7518796992481026)	(34000, 0.7518796992481026)	(35000, 0.7518796992481026)	(36000, 0.7518796992481026)	(37000, 0.7518796992481026)	(38000, 0.7518796992481026)	(39000, 0.7518796992481026)	(40000, 0.7518796992481026)	(41000, 0.7518796992481026)	(42000, 0.7518796992481026)	(43000, 0.7518796992481026)	(44000, 0.7518796992481026)	(45000, 0.7518796992481026)	(46000, 0.7518796992481026)	(47000, 0.7518796992481026)	(48000, 0.7518796992481026)	(49000, 0.7518796992481026)	(50000, 0.7518796992481122)														
dorado_barcode07 - polyg	(1, 0.0)	(2, 0.0)	(3, 0.0)	(4, 0.0)	(5, 0.0)	(6, 0.0)	(7, 0.0)	(8, 0.0)	(9, 0.0)	(10, 0.31252373357635865)	(1000, 0.5487468671679114)	(2000, 0.6350877192982334)	(3000, 0.7518796992481026)	(4000, 0.7518796992481026)	(5000, 0.7518796992481026)	(6000, 0.7518796992481026)	(7000, 0.7518796992481026)	(8000, 0.7518796992481026)	(9000, 0.7518796992481026)	(10000, 0.7518796992481026)	(11000, 0.7518796992481026)	(12000, 0.7518796992481026)	(13000, 0.7518796992481026)	(14000, 0.7518796992481026)	(15000, 0.7518796992481026)	(16000, 0.7518796992481026)	(17000, 0.7518796992481026)	(18000, 0.7518796992481026)	(19000, 0.7518796992481026)	(20000, 0.7518796992481026)	(21000, 0.7518796992481026)	(22000, 0.7518796992481026)	(23000, 0.7518796992481026)	(24000, 0.7518796992481026)	(25000, 0.7518796992481026)	(26000, 0.7518796992481026)	(27000, 0.7518796992481026)	(28000, 0.7518796992481026)	(29000, 0.7518796992481026)	(30000, 0.7518796992481026)	(31000, 0.7518796992481026)	(32000, 0.7518796992481026)	(33000, 0.7518796992481026)	(34000, 0.7518796992481026)	(35000, 0.7518796992481026)	(36000, 0.7518796992481026)	(37000, 0.7518796992481026)	(38000, 0.7518796992481026)	(39000, 0.7518796992481026)	(40000, 0.7518796992481026)	(41000, 0.7518796992481026)	(42000, 0.7518796992481026)	(43000, 0.7518796992481026)	(44000, 0.7518796992481026)	(45000, 0.7518796992481026)	(46000, 0.7518796992481026)	(47000, 0.7518796992481026)	(48000, 0.7518796992481026)	(49000, 0.7518796992481026)	(50000, 0.7518796992481122)														
dorado_barcode08 - polya	(1, 0.0)	(2, 0.0)	(3, 0.0)	(4, 0.0)	(5, 0.0)	(6, 0.0)	(7, 0.0)	(8, 0.0)	(9, 0.0)	(10, 0.30520256326708506)	(1000, 0.6506353861192488)	(2000, 0.6842619745845437)	(3000, 0.6842619745845437)	(4000, 0.6842619745845437)	(5000, 0.6842619745845437)	(6000, 0.6842619745845437)	(7000, 0.6842619745845437)	(8000, 0.696285434995104)	(9000, 0.7820136852394906)	(10000, 0.7820136852394906)	(11000, 0.7820136852394906)	(12000, 0.7820136852394906)	(13000, 0.7820136852394906)	(14000, 0.7820136852394906)	(15000, 0.7820136852394906)	(16000, 0.7820136852394906)	(17000, 0.7820136852394906)	(18000, 0.7820136852394906)	(19000, 0.7820136852394906)	(20000, 0.7820136852394906)	(21000, 0.7820136852394906)	(22000, 0.7820136852394906)	(23000, 0.7820136852394906)	(24000, 0.7820136852394906)	(25000, 0.7820136852394906)	(26000, 0.7820136852394906)	(27000, 0.7820136852394906)	(28000, 0.7820136852394906)	(29000, 0.7820136852394906)	(30000, 0.7820136852394906)	(31000, 0.7820136852394906)	(32000, 0.7820136852394906)	(33000, 0.7820136852394906)	(34000, 0.7820136852394906)	(35000, 0.7820136852394906)	(36000, 0.7820136852394906)	(37000, 0.7820136852394906)	(38000, 0.7820136852394906)	(39000, 0.7820136852394906)	(40000, 0.7820136852394906)	(41000, 0.7820136852394906)	(42000, 0.7820136852394997)																						
dorado_barcode08 - polyg	(1, 0.0)	(2, 0.0)	(3, 0.0)	(4, 0.0)	(5, 0.0)	(6, 0.0)	(7, 0.0)	(8, 0.0)	(9, 0.0)	(10, 0.17931020863572084)	(1000, 0.2932551319648079)	(2000, 0.2932551319648079)	(3000, 0.2932551319648079)	(4000, 0.2932551319648079)	(5000, 0.38563049853372394)	(6000, 0.3910068426197453)	(7000, 0.3910068426197453)	(8000, 0.3910068426197453)	(9000, 0.3910068426197453)	(10000, 0.3910068426197453)	(11000, 0.3910068426197453)	(12000, 0.3910068426197453)	(13000, 0.3910068426197453)	(14000, 0.3910068426197453)	(15000, 0.3910068426197453)	(16000, 0.3910068426197453)	(17000, 0.3910068426197453)	(18000, 0.3910068426197453)	(19000, 0.3910068426197453)	(20000, 0.3910068426197453)	(21000, 0.3910068426197453)	(22000, 0.3910068426197453)	(23000, 0.3910068426197453)	(24000, 0.3910068426197453)	(25000, 0.3910068426197453)	(26000, 0.3910068426197453)	(27000, 0.3910068426197453)	(28000, 0.3910068426197453)	(29000, 0.3910068426197453)	(30000, 0.3910068426197453)	(31000, 0.3910068426197453)	(32000, 0.3910068426197453)	(33000, 0.3910068426197453)	(34000, 0.3910068426197453)	(35000, 0.3910068426197453)	(36000, 0.3910068426197453)	(37000, 0.3910068426197453)	(38000, 0.3910068426197453)	(39000, 0.3910068426197453)	(40000, 0.3910068426197453)	(41000, 0.3910068426197453)	(42000, 0.39100684261974983)																						
dorado_barcode09 - polya	(1, 0.010874884454352673)	(2, 0.010874884454352673)	(3, 0.010874884454352673)	(4, 0.010874884454352673)	(5, 0.010874884454352673)	(6, 0.010874884454352673)	(7, 0.010874884454352673)	(8, 0.01359360556794084)	(9, 0.01359360556794084)	(10, 0.46767065036873245)	(10000, 0.5350761241912455)	(20000, 0.5383067804905122)	(30000, 0.5383067804905122)	(40000, 0.5383067804905122)	(50000, 0.5405423848621647)	(60000, 0.5410255016040535)	(70000, 0.5410255016040535)	(80000, 0.5410255016040535)	(90000, 0.5410255016040535)	(100000, 0.5410255016040535)	(110000, 0.5410255016040535)	(120000, 0.5410255016040535)	(130000, 0.5410255016040535)	(140000, 0.5410255016040535)	(150000, 0.5410255016040535)	(160000, 0.5410255016040535)	(170000, 0.5410255016040535)	(180000, 0.5410255016040535)	(190000, 0.5410255016040535)	(200000, 0.5410255016040535)	(210000, 0.5410255016040535)	(220000, 0.5410255016040535)	(230000, 0.5410255016040535)	(240000, 0.5410255016040535)	(250000, 0.5410255016040535)	(260000, 0.5410255016040535)	(270000, 0.5410255016040535)	(280000, 0.5410255016040535)	(290000, 0.5410255016040535)	(300000, 0.5410255016040535)	(310000, 0.5410255016040535)	(320000, 0.5410255016040535)	(330000, 0.5410255016040535)	(340000, 0.5410255016040535)	(350000, 0.5410255016040535)	(360000, 0.5410255016040534)																												
dorado_barcode09 - polyg	(1, 0.0027187211135881683)	(2, 0.0027187211135881683)	(3, 0.0027187211135881683)	(4, 0.0027187211135881683)	(5, 0.0027187211135881683)	(6, 0.0027187211135881683)	(7, 0.005437442227176337)	(8, 0.005437442227176337)	(9, 0.005437442227176337)	(10, 0.1774712562597886)	(10000, 0.20390408351909464)	(20000, 0.20390408351909464)	(30000, 0.20647436245986156)	(40000, 0.20662280463266375)	(50000, 0.20662280463266375)	(60000, 0.20662280463266375)	(70000, 0.20662280463266375)	(80000, 0.20662280463266375)	(90000, 0.20662280463266375)	(100000, 0.20662280463266375)	(110000, 0.20662280463266375)	(120000, 0.20662280463266375)	(130000, 0.20662280463266375)	(140000, 0.20662280463266375)	(150000, 0.20662280463266375)	(160000, 0.20662280463266375)	(170000, 0.20662280463266375)	(180000, 0.20662280463266375)	(190000, 0.20662280463266375)	(200000, 0.20662280463266375)	(210000, 0.20662280463266375)	(220000, 0.20662280463266375)	(230000, 0.20662280463266375)	(240000, 0.20662280463266375)	(250000, 0.20662280463266375)	(260000, 0.20662280463266375)	(270000, 0.20662280463266375)	(280000, 0.20662280463266375)	(290000, 0.20662280463266375)	(300000, 0.20662280463266375)	(310000, 0.20662280463266375)	(320000, 0.20662280463266375)	(330000, 0.20662280463266375)	(340000, 0.20662280463266375)	(350000, 0.20662280463266375)	(360000, 0.20662280463266577)																												
dorado_barcode10 - polya	(1, 0.006874398490132113)	(2, 0.006874398490132113)	(3, 0.007499343807416851)	(4, 0.00812428912470159)	(5, 0.009374179759271064)	(6, 0.01062407039384054)	(7, 0.011873961028410015)	(8, 0.01312385166297949)	(9, 0.01312385166297949)	(10, 0.4742275241106568)	(10000, 0.6276036471808747)	(20000, 0.6391234516980828)	(30000, 0.6411927081381633)	(40000, 0.6418188408515009)	(50000, 0.6418188408515009)	(60000, 0.6418188408515009)	(70000, 0.6418188408515009)	(80000, 0.6418188408515009)	(90000, 0.6418188408515009)	(100000, 0.6418188408515009)	(110000, 0.6418188408515009)	(120000, 0.6418188408515009)	(130000, 0.6418188408515009)	(140000, 0.6418188408515009)	(150000, 0.6418188408515009)	(160000, 0.6418188408515009)	(170000, 0.6418188408515009)	(180000, 0.6418188408515009)	(190000, 0.6418188408515009)	(200000, 0.6418188408515009)	(210000, 0.6418188408515009)	(220000, 0.6418188408515009)	(230000, 0.6418188408515009)	(240000, 0.6418188408515009)	(250000, 0.6418188408515009)	(260000, 0.6418188408515009)	(270000, 0.6418188408515009)	(280000, 0.6418188408515009)	(290000, 0.6418188408515009)	(300000, 0.6418188408515009)	(310000, 0.6418188408515009)	(320000, 0.6418188408515009)	(330000, 0.6418188408515009)	(340000, 0.6418188408515009)	(350000, 0.6418188408513833)																													
dorado_barcode10 - polyg	(1, 0.0)	(2, 0.0)	(3, 0.0)	(4, 0.0)	(5, 0.0)	(6, 0.0)	(7, 0.0)	(8, 0.0)	(9, 0.0)	(10, 0.2003224993088417)	(10000, 0.254518917094791)	(20000, 0.25757958678615217)	(30000, 0.25915376154586195)	(40000, 0.2593523066731538)	(50000, 0.2599359431050251)	(60000, 0.25997725199049737)	(70000, 0.25997725199049737)	(80000, 0.25997725199049737)	(90000, 0.25997725199049737)	(100000, 0.25997725199049737)	(110000, 0.25997725199049737)	(120000, 0.25997725199049737)	(130000, 0.25997725199049737)	(140000, 0.25997725199049737)	(150000, 0.25997725199049737)	(160000, 0.25997725199049737)	(170000, 0.25997725199049737)	(180000, 0.25997725199049737)	(190000, 0.25997725199049737)	(200000, 0.25997725199049737)	(210000, 0.2604696464059505)	(220000, 0.26060219730774653)	(230000, 0.26060219730774653)	(240000, 0.26060219730774653)	(250000, 0.26060219730774653)	(260000, 0.26060219730774653)	(270000, 0.26060219730774653)	(280000, 0.26060219730774653)	(290000, 0.26060219730774653)	(300000, 0.26060219730774653)	(310000, 0.26060219730774653)	(320000, 0.26060219730774653)	(330000, 0.26060219730774653)	(340000, 0.26060219730774653)	(350000, 0.26060219730774736)																													
dorado_barcode11 - polya	(1, 0.009685912280856235)	(2, 0.010566449760934075)	(3, 0.011446987241011914)	(4, 0.011446987241011914)	(5, 0.012327524721089753)	(6, 0.012327524721089753)	(7, 0.014088599681245432)	(8, 0.014088599681245432)	(9, 0.014088599681245432)	(10, 0.3571190034757916)	(5000, 0.5280713587573718)	(10000, 0.5574906442893136)	(15000, 0.5610978541301709)	(20000, 0.5630683209031235)	(25000, 0.5644245247299217)	(30000, 0.5644245247299217)	(35000, 0.5652671990983295)	(40000, 0.5653050622099728)	(45000, 0.5653050622099728)	(50000, 0.5653050622099728)	(55000, 0.5653050622099728)	(60000, 0.5653050622099728)	(65000, 0.5653050622099728)	(70000, 0.5653050622099728)	(75000, 0.5653050622099728)	(80000, 0.5653050622099728)	(85000, 0.5653050622099728)	(90000, 0.5654417216268754)	(95000, 0.5661855996900237)	(100000, 0.5661855996900237)	(105000, 0.5661855996900237)	(110000, 0.5661855996900237)	(115000, 0.5661855996900237)	(120000, 0.5661855996900237)	(125000, 0.5661855996900237)	(130000, 0.5661855996900237)	(135000, 0.5661855996900237)	(140000, 0.5661855996900237)	(145000, 0.5661855996900237)	(150000, 0.5661855996900237)	(155000, 0.5661855996900237)	(160000, 0.5661855996900237)	(165000, 0.5661855996900237)	(170000, 0.5661855996900237)	(175000, 0.5661855996900237)	(180000, 0.5661855996900237)	(185000, 0.5661855996900237)	(190000, 0.5661855996900237)	(195000, 0.5661855996900237)	(200000, 0.5661855996900237)	(205000, 0.5661855996900237)	(210000, 0.5661855996900237)	(215000, 0.5661855996900237)	(220000, 0.5661855996900237)	(225000, 0.5661855996900237)	(230000, 0.5661855996900237)	(235000, 0.5661855996900237)	(240000, 0.5661855996900237)	(245000, 0.5661855996900237)	(250000, 0.5661855996900237)	(255000, 0.5661855996900237)	(260000, 0.5661855996900237)	(265000, 0.5661855996900237)	(270000, 0.5661855996900237)	(275000, 0.5661855996900237)	(280000, 0.5661855996900237)	(285000, 0.5661855996900237)	(290000, 0.5661855996900237)	(295000, 0.5661855996900237)	(300000, 0.5661855996900237)	(305000, 0.5661855996900237)	(310000, 0.5661855996900237)	(315000, 0.5661855996900237)	(320000, 0.5661855996900353)
dorado_barcode11 - polyg	(1, 0.0)	(2, 0.0)	(3, 0.0)	(4, 0.0008805374800778395)	(5, 0.0008805374800778395)	(6, 0.0008805374800778395)	(7, 0.0008805374800778395)	(8, 0.0008805374800778395)	(9, 0.0008805374800778395)	(10, 0.1312655513462486)	(5000, 0.17881867091674347)	(10000, 0.1849128708163354)	(15000, 0.1849128708163354)	(20000, 0.18560919985557298)	(25000, 0.18656458302148374)	(30000, 0.1866739457765099)	(35000, 0.1866739457765099)	(40000, 0.1866739457765099)	(45000, 0.1866739457765099)	(50000, 0.1866739457765099)	(55000, 0.1866739457765099)	(60000, 0.1866739457765099)	(65000, 0.1866739457765099)	(70000, 0.1866739457765099)	(75000, 0.1866739457765099)	(80000, 0.1866739457765099)	(85000, 0.1866739457765099)	(90000, 0.1866739457765099)	(95000, 0.1866739457765099)	(100000, 0.1866739457765099)	(105000, 0.1866739457765099)	(110000, 0.1866739457765099)	(115000, 0.1866739457765099)	(120000, 0.1866739457765099)	(125000, 0.1866739457765099)	(130000, 0.1866739457765099)	(135000, 0.1866739457765099)	(140000, 0.1866739457765099)	(145000, 0.1866739457765099)	(150000, 0.1866739457765099)	(155000, 0.1866739457765099)	(160000, 0.1866739457765099)	(165000, 0.1866739457765099)	(170000, 0.1866739457765099)	(175000, 0.1866739457765099)	(180000, 0.1866739457765099)	(185000, 0.1866739457765099)	(190000, 0.1866739457765099)	(195000, 0.1866739457765099)	(200000, 0.1866739457765099)	(205000, 0.1866739457765099)	(210000, 0.18715049266071435)	(215000, 0.18755448325657667)	(220000, 0.18755448325657667)	(225000, 0.18755448325657667)	(230000, 0.18755448325657667)	(235000, 0.18755448325657667)	(240000, 0.18755448325657667)	(245000, 0.18755448325657667)	(250000, 0.18755448325657667)	(255000, 0.18755448325657667)	(260000, 0.18755448325657667)	(265000, 0.18755448325657667)	(270000, 0.18755448325657667)	(275000, 0.18755448325657667)	(280000, 0.18755448325657667)	(285000, 0.18755448325657667)	(290000, 0.18755448325657667)	(295000, 0.18755448325657667)	(300000, 0.18755448325657667)	(305000, 0.18755448325657667)	(310000, 0.18755448325657667)	(315000, 0.18755448325657667)	(320000, 0.18755448325657684)
dorado_barcode12 - polya	(1, 0.0)	(2, 0.0)	(3, 0.0)	(4, 0.0)	(5, 0.0)	(6, 0.0)	(7, 0.0)	(8, 0.0)	(9, 0.0)	(10, 0.2947232606025296)	(1000, 0.5016622922134691)	(2000, 0.6055993000874755)	(3000, 0.6697287839020076)	(4000, 0.6999125109361266)	(5000, 0.6999125109361266)	(6000, 0.6999125109361266)	(7000, 0.7646544181977377)	(8000, 0.7874015748031628)	(9000, 0.8132983377077937)	(10000, 0.8748906386701863)	(11000, 0.8748906386701863)	(12000, 0.8748906386701863)	(13000, 0.8748906386701863)	(14000, 0.8748906386701863)	(15000, 0.8748906386701863)	(16000, 0.8748906386701863)	(17000, 0.8748906386701863)	(18000, 0.8748906386701863)	(19000, 0.8748906386701863)	(20000, 0.8748906386701863)	(21000, 0.8748906386701863)	(22000, 0.8748906386701863)	(23000, 0.8748906386701863)	(24000, 0.8748906386701863)	(25000, 0.8748906386701863)	(26000, 0.8748906386701863)	(27000, 0.8748906386701863)	(28000, 0.8748906386701863)	(29000, 0.8748906386701863)	(30000, 0.8748906386701863)	(31000, 0.8748906386701863)	(32000, 0.8748906386701863)	(33000, 0.8748906386701863)	(34000, 0.8748906386701863)	(35000, 0.8748906386701863)	(36000, 0.8748906386701863)	(37000, 0.8748906386701863)	(38000, 0.8748906386701863)	(39000, 0.8748906386701863)	(40000, 0.8748906386701863)	(41000, 0.8748906386701863)	(42000, 0.8748906386701863)	(43000, 0.8748906386701863)	(44000, 0.8748906386701863)	(45000, 0.8748906386701863)	(46000, 0.8748906386701863)	(47000, 0.8748906386701863)	(48000, 0.8748906386701863)	(49000, 0.8748906386701863)	(50000, 0.8748906386701863)	(51000, 0.8748906386701863)	(52000, 0.8748906386701863)	(53000, 0.8748906386701863)	(54000, 0.8748906386701863)	(55000, 0.8748906386701863)	(56000, 0.8748906386701863)	(57000, 0.8748906386701863)	(58000, 0.8748906386701863)	(59000, 0.8748906386701863)	(60000, 0.8748906386701863)	(61000, 0.8748906386701863)	(62000, 0.8748906386701863)	(63000, 0.8748906386701863)	(64000, 0.8748906386701852)
dorado_barcode12 - polyg	(1, 0.0)	(2, 0.0)	(3, 0.0)	(4, 0.0)	(5, 0.0)	(6, 0.0)	(7, 0.0)	(8, 0.0)	(9, 0.0)	(10, 0.07458663626642718)	(1000, 0.17497812773403165)	(2000, 0.17497812773403165)	(3000, 0.17497812773403165)	(4000, 0.17497812773403165)	(5000, 0.17497812773403165)	(6000, 0.17497812773403165)	(7000, 0.17497812773403165)	(8000, 0.17497812773403165)	(9000, 0.17497812773403165)	(10000, 0.17497812773403165)	(11000, 0.17497812773403165)	(12000, 0.17497812773403165)	(13000, 0.17497812773403165)	(14000, 0.17497812773403165)	(15000, 0.17497812773403165)	(16000, 0.17497812773403165)	(17000, 0.19405074365704314)	(18000, 0.2624671916010475)	(19000, 0.2624671916010475)	(20000, 0.2624671916010475)	(21000, 0.2624671916010475)	(22000, 0.2624671916010475)	(23000, 0.2624671916010475)	(24000, 0.2624671916010475)	(25000, 0.2624671916010475)	(26000, 0.2624671916010475)	(27000, 0.2624671916010475)	(28000, 0.2624671916010475)	(29000, 0.2624671916010475)	(30000, 0.2624671916010475)	(31000, 0.2624671916010475)	(32000, 0.2624671916010475)	(33000, 0.2624671916010475)	(34000, 0.2624671916010475)	(35000, 0.2624671916010475)	(36000, 0.2624671916010475)	(37000, 0.2624671916010475)	(38000, 0.2624671916010475)	(39000, 0.2624671916010475)	(40000, 0.2624671916010475)	(41000, 0.2624671916010475)	(42000, 0.2624671916010475)	(43000, 0.2624671916010475)	(44000, 0.2624671916010475)	(45000, 0.2624671916010475)	(46000, 0.2624671916010475)	(47000, 0.2624671916010475)	(48000, 0.2624671916010475)	(49000, 0.2624671916010475)	(50000, 0.2624671916010475)	(51000, 0.2624671916010475)	(52000, 0.2624671916010475)	(53000, 0.2624671916010475)	(54000, 0.2624671916010475)	(55000, 0.2624671916010475)	(56000, 0.2624671916010475)	(57000, 0.2624671916010475)	(58000, 0.2624671916010475)	(59000, 0.2624671916010475)	(60000, 0.2624671916010475)	(61000, 0.2624671916010475)	(62000, 0.2624671916010475)	(63000, 0.2624671916010475)	(64000, 0.26246719160104753)
dorado_barcode13 - polya	(1, 0.0)	(2, 0.0)	(3, 0.0)	(4, 0.0)	(5, 0.0)	(6, 0.0)	(7, 0.0)	(8, 0.0)	(9, 0.0)	(10, 0.1790179017901771)	(1000, 0.24752475247524472)	(2000, 0.24752475247524472)	(3000, 0.24752475247524472)	(4000, 0.24752475247524472)	(5000, 0.24752475247524472)	(6000, 0.24752475247524472)	(7000, 0.24752475247524472)	(8000, 0.24752475247524472)	(9000, 0.24752475247524472)	(10000, 0.24752475247524472)	(11000, 0.3132425742574289)	(12000, 0.37128712871287545)	(13000, 0.37128712871287545)	(14000, 0.37128712871287545)	(15000, 0.37128712871287545)	(16000, 0.37128712871287545)	(17000, 0.37128712871287545)	(18000, 0.37128712871287545)	(19000, 0.37128712871287545)	(20000, 0.37128712871287545)	(21000, 0.37128712871287545)	(22000, 0.37128712871287545)	(23000, 0.37128712871287545)	(24000, 0.37128712871287545)	(25000, 0.37128712871287545)	(26000, 0.37128712871287545)	(27000, 0.37128712871287545)	(28000, 0.37128712871287545)	(29000, 0.37128712871287545)	(30000, 0.37128712871287545)	(31000, 0.37128712871287545)	(32000, 0.37128712871287545)	(33000, 0.37128712871287545)	(34000, 0.37128712871287545)	(35000, 0.37128712871287545)	(36000, 0.37128712871287545)	(37000, 0.3712871287128699)																											
dorado_barcode13 - polyg	(1, 0.0)	(2, 0.0)	(3, 0.0)	(4, 0.0)	(5, 0.0)	(6, 0.0)	(7, 0.0)	(8, 0.0)	(9, 0.0)	(10, 0.0015001500150015005)	(1000, 0.24863861386138514)	(2000, 0.37128712871287545)	(3000, 0.37128712871287545)	(4000, 0.37128712871287545)	(5000, 0.37128712871287545)	(6000, 0.37128712871287545)	(7000, 0.37128712871287545)	(8000, 0.37128712871287545)	(9000, 0.37128712871287545)	(10000, 0.37128712871287545)	(11000, 0.37128712871287545)	(12000, 0.37128712871287545)	(13000, 0.37128712871287545)	(14000, 0.37128712871287545)	(15000, 0.37128712871287545)	(16000, 0.37128712871287545)	(17000, 0.37128712871287545)	(18000, 0.37128712871287545)	(19000, 0.37128712871287545)	(20000, 0.37128712871287545)	(21000, 0.37128712871287545)	(22000, 0.37128712871287545)	(23000, 0.37128712871287545)	(24000, 0.37128712871287545)	(25000, 0.37128712871287545)	(26000, 0.37128712871287545)	(27000, 0.37128712871287545)	(28000, 0.37128712871287545)	(29000, 0.37128712871287545)	(30000, 0.37128712871287545)	(31000, 0.37128712871287545)	(32000, 0.37128712871287545)	(33000, 0.37128712871287545)	(34000, 0.37128712871287545)	(35000, 0.37128712871287545)	(36000, 0.37128712871287545)	(37000, 0.3712871287128699)																											
dorado_barcode14 - polya	(1, 0.0)	(2, 0.0)	(3, 0.0)	(4, 0.0)	(5, 0.0)	(6, 0.0)	(7, 0.0)	(8, 0.0)	(9, 0.0)	(10, 0.2360765075870269)	(1000, 0.44253239855533955)	(2000, 0.4925005311238548)	(3000, 0.5362651370299584)	(4000, 0.5523688124070533)	(5000, 0.5523688124070533)	(6000, 0.5566390482260454)	(7000, 0.5736137667303938)	(8000, 0.5736137667303938)	(9000, 0.5802846823879221)	(10000, 0.5948587210537454)	(11000, 0.5948587210537454)	(12000, 0.5948587210537454)	(13000, 0.5948587210537454)	(14000, 0.5948587210537454)	(15000, 0.5948587210537454)	(16000, 0.5948587210537454)	(17000, 0.5948587210537454)	(18000, 0.5948587210537454)	(19000, 0.5948587210537454)	(20000, 0.5948587210537454)	(21000, 0.5948587210537454)	(22000, 0.6030592734225556)	(23000, 0.616103675377087)	(24000, 0.616103675377087)	(25000, 0.616103675377087)	(26000, 0.616103675377087)	(27000, 0.616103675377087)	(28000, 0.616103675377087)	(29000, 0.616103675377087)	(30000, 0.616103675377087)	(31000, 0.616103675377087)	(32000, 0.616103675377087)	(33000, 0.616103675377087)	(34000, 0.616103675377087)	(35000, 0.6161036753770877)																													
dorado_barcode14 - polyg	(1, 0.0)	(2, 0.0)	(3, 0.0)	(4, 0.0)	(5, 0.0)	(6, 0.0)	(7, 0.0)	(8, 0.0)	(9, 0.0)	(10, 0.10126761560796017)	(1000, 0.19424261737837195)	(2000, 0.22387932865944007)	(3000, 0.2336944975568273)	(4000, 0.2336944975568273)	(5000, 0.2336944975568273)	(6000, 0.2336944975568273)	(7000, 0.2336944975568273)	(8000, 0.2336944975568273)	(9000, 0.2336944975568273)	(10000, 0.2336944975568273)	(11000, 0.2336944975568273)	(12000, 0.2336944975568273)	(13000, 0.2336944975568273)	(14000, 0.2336944975568273)	(15000, 0.2336944975568273)	(16000, 0.2336944975568273)	(17000, 0.2336944975568273)	(18000, 0.2336944975568273)	(19000, 0.2336944975568273)	(20000, 0.2336944975568273)	(21000, 0.2336944975568273)	(22000, 0.2336944975568273)	(23000, 0.2336944975568273)	(24000, 0.2336944975568273)	(25000, 0.2336944975568273)	(26000, 0.2336944975568273)	(27000, 0.2336944975568273)	(28000, 0.2336944975568273)	(29000, 0.2336944975568273)	(30000, 0.2336944975568273)	(31000, 0.2336944975568273)	(32000, 0.2336944975568273)	(33000, 0.2336944975568273)	(34000, 0.2336944975568273)	(35000, 0.2336944975568274)																													
dorado_barcode15 - polya	(1, 0.0)	(2, 0.003176317377632373)	(3, 0.003176317377632373)	(4, 0.006352634755264746)	(5, 0.009528952132897119)	(6, 0.012705269510529492)	(7, 0.015881586888161867)	(8, 0.019057904265794238)	(9, 0.019057904265794238)	(10, 0.30317869562531613)	(2000, 0.4964726995521418)	(4000, 0.5827319505765088)	(6000, 0.6031874344884481)	(8000, 0.6191119016611857)	(10000, 0.6310897944922484)	(12000, 0.6347743226503166)	(14000, 0.637040625099272)	(16000, 0.641616110281734)	(18000, 0.641616110281734)	(20000, 0.6441984563097646)	(22000, 0.6469030905567933)	(24000, 0.6497871867357043)	(26000, 0.651145062414639)	(28000, 0.651145062414639)	(30000, 0.651145062414639)	(32000, 0.651145062414639)	(34000, 0.651145062414639)	(36000, 0.651145062414639)	(38000, 0.651145062414639)	(40000, 0.651145062414639)	(42000, 0.651145062414639)	(44000, 0.651145062414639)	(46000, 0.651145062414639)	(48000, 0.651145062414639)	(50000, 0.651145062414639)	(52000, 0.651145062414639)	(54000, 0.651145062414639)	(56000, 0.651145062414639)	(58000, 0.651145062414639)	(60000, 0.651145062414639)	(62000, 0.651145062414639)	(64000, 0.651145062414639)	(66000, 0.651145062414639)	(68000, 0.651145062414639)	(70000, 0.6511450624146332)																													
dorado_barcode15 - polyg	(1, 0.0)	(2, 0.0)	(3, 0.0)	(4, 0.0)	(5, 0.003176317377632373)	(6, 0.003176317377632373)	(7, 0.003176317377632373)	(8, 0.003176317377632373)	(9, 0.003176317377632373)	(10, 0.18866048311627762)	(2000, 0.3320236318012935)	(4000, 0.3743242384779086)	(6000, 0.38433440269352376)	(8000, 0.3870088619254733)	(10000, 0.3952371120922527)	(12000, 0.39703967220406416)	(14000, 0.39703967220406416)	(16000, 0.39703967220406416)	(18000, 0.39703967220406416)	(20000, 0.3996013721690887)	(22000, 0.40021598958166105)	(24000, 0.40021598958166105)	(26000, 0.40021598958166105)	(28000, 0.40021598958166105)	(30000, 0.40021598958166105)	(32000, 0.40021598958166105)	(34000, 0.40021598958166105)	(36000, 0.40021598958166105)	(38000, 0.40021598958166105)	(40000, 0.40021598958166105)	(42000, 0.40021598958166105)	(44000, 0.40021598958166105)	(46000, 0.40021598958166105)	(48000, 0.40021598958166105)	(50000, 0.40021598958166105)	(52000, 0.40021598958166105)	(54000, 0.40021598958166105)	(56000, 0.40021598958166105)	(58000, 0.40021598958166105)	(60000, 0.40021598958166105)	(62000, 0.40021598958166105)	(64000, 0.40021598958166105)	(66000, 0.40021598958166105)	(68000, 0.40021598958166105)	(70000, 0.400215989581681)																													
dorado_barcode16 - polya	(1, 0.0)	(2, 0.0)	(3, 0.0)	(4, 0.0)	(5, 0.0)	(6, 0.0)	(7, 0.0)	(8, 0.0)	(9, 0.0)	(10, 0.08790698445870906)	(1000, 0.35484400656813686)	(2000, 0.4926108374384175)	(3000, 0.4926108374384175)	(4000, 0.4926108374384175)	(5000, 0.4926108374384175)	(6000, 0.4926108374384175)	(7000, 0.4926108374384175)	(8000, 0.4926108374384175)	(9000, 0.4926108374384175)	(10000, 0.4926108374384175)	(11000, 0.4926108374384175)	(12000, 0.4926108374384175)	(13000, 0.4926108374384175)	(14000, 0.4926108374384175)	(15000, 0.4926108374384175)	(16000, 0.4926108374384175)	(17000, 0.4926108374384175)	(18000, 0.4926108374384175)	(19000, 0.4926108374384175)	(20000, 0.4926108374384175)	(21000, 0.4926108374384175)	(22000, 0.4926108374384175)	(23000, 0.4926108374384175)	(24000, 0.4926108374384175)	(25000, 0.4926108374384175)	(26000, 0.4926108374384175)	(27000, 0.4926108374384175)	(28000, 0.4926108374384175)	(29000, 0.4926108374384175)	(30000, 0.4926108374384175)	(31000, 0.4926108374384175)	(32000, 0.4926108374384175)	(33000, 0.4926108374384175)	(34000, 0.4926108374384175)	(35000, 0.4926108374384175)	(36000, 0.4926108374384175)	(37000, 0.4926108374384183)																											
dorado_barcode16 - polyg	(1, 0.0)	(2, 0.0)	(3, 0.0)	(4, 0.0)	(5, 0.0)	(6, 0.0)	(7, 0.0)	(8, 0.0)	(9, 0.0)	(10, 0.2607354331492221)	(1000, 0.3284072249589424)	(2000, 0.3284072249589424)	(3000, 0.3284072249589424)	(4000, 0.3284072249589424)	(5000, 0.3284072249589424)	(6000, 0.3284072249589424)	(7000, 0.3284072249589424)	(8000, 0.3284072249589424)	(9000, 0.3284072249589424)	(10000, 0.3284072249589424)	(11000, 0.3284072249589424)	(12000, 0.3284072249589424)	(13000, 0.3284072249589424)	(14000, 0.3284072249589424)	(15000, 0.3284072249589424)	(16000, 0.3284072249589424)	(17000, 0.3284072249589424)	(18000, 0.3284072249589424)	(19000, 0.3284072249589424)	(20000, 0.3284072249589424)	(21000, 0.3284072249589424)	(22000, 0.3284072249589424)	(23000, 0.3284072249589424)	(24000, 0.3284072249589424)	(25000, 0.3284072249589424)	(26000, 0.3284072249589424)	(27000, 0.3284072249589424)	(28000, 0.3284072249589424)	(29000, 0.3284072249589424)	(30000, 0.3284072249589424)	(31000, 0.3284072249589424)	(32000, 0.3284072249589424)	(33000, 0.3284072249589424)	(34000, 0.3284072249589424)	(35000, 0.3284072249589424)	(36000, 0.3284072249589424)	(37000, 0.3284072249589428)																											
dorado_barcode17 - polya	(1, 0.011652845971422182)	(2, 0.013437516075153508)	(3, 0.015169695881716265)	(4, 0.017006856282616157)	(5, 0.019736351735381713)	(6, 0.021730983027787313)	(7, 0.023673124023024343)	(8, 0.02577273590976708)	(9, 0.02771487690500411)	(10, 0.872199584717582)	(10000, 0.9761055033976245)	(20000, 0.9784021796070834)	(30000, 0.9786228383185158)	(40000, 0.9786914903781014)	(50000, 0.9787927651574195)	(60000, 0.9789367565404548)	(70000, 0.9789965324908279)	(80000, 0.9789965324908279)	(90000, 0.9790254021542294)	(100000, 0.9790490227880213)	(110000, 0.979063405129425)	(120000, 0.9791380410828722)	(130000, 0.9791540033822513)	(140000, 0.9791540033822513)	(150000, 0.9791540033822513)	(160000, 0.9791540033822513)	(170000, 0.9791540033822513)	(180000, 0.9791540033822513)	(190000, 0.9791540033822513)	(200000, 0.9791540033822513)	(210000, 0.9791540033822513)	(220000, 0.9791540033822513)	(230000, 0.9791540033822513)	(240000, 0.9791540033822513)	(250000, 0.9791540033822513)	(260000, 0.9791540033822513)	(270000, 0.9791540033822513)	(280000, 0.9791540033822513)	(290000, 0.9791540033822513)	(300000, 0.9791540033822513)	(310000, 0.9791540033822513)	(320000, 0.9791540033822513)	(330000, 0.9791540033822513)	(340000, 0.9791540033822513)	(350000, 0.9791540033822513)	(360000, 0.9791540033822513)	(370000, 0.9791540033822513)	(380000, 0.9791540033822513)	(390000, 0.9791540033822513)	(400000, 0.9791540033822513)	(410000, 0.9791540033822513)	(420000, 0.9791540033822513)	(430000, 0.9791540033822513)	(440000, 0.9791540033822513)	(450000, 0.9791540033822513)	(460000, 0.9791540033822513)	(470000, 0.9791540033822513)	(480000, 0.9791540033822513)	(490000, 0.9791540033822513)	(500000, 0.9791540033822513)	(510000, 0.9791540033822513)	(520000, 0.9791540033822513)	(530000, 0.9791540033822513)	(540000, 0.9791540033822513)	(550000, 0.9791540033822513)	(560000, 0.9791540033822513)	(570000, 0.9791540033822513)	(580000, 0.9791540033822513)	(590000, 0.9791540033822513)	(600000, 0.9791540033825064)				
dorado_barcode17 - polyg	(1, 0.006928719226251027)	(2, 0.007506112495105279)	(3, 0.008660899032813784)	(4, 0.009815685570522288)	(5, 0.010655530325219383)	(6, 0.011547865377085046)	(7, 0.012440200428950709)	(8, 0.01301759369780496)	(9, 0.01364747726382778)	(10, 0.567141798222964)	(10000, 0.6227249340459373)	(20000, 0.623668289666515)	(30000, 0.6238673433715802)	(40000, 0.6239736152272993)	(50000, 0.6240347664234652)	(60000, 0.6240571430371334)	(70000, 0.6240571430371334)	(80000, 0.6240571430371334)	(90000, 0.6240737194729556)	(100000, 0.6241096333342331)	(110000, 0.6241096333342331)	(120000, 0.6241096333342331)	(130000, 0.6241096333342331)	(140000, 0.6241096333342331)	(150000, 0.6241354165681655)	(160000, 0.6241621236313785)	(170000, 0.6241621236313785)	(180000, 0.6241621236313785)	(190000, 0.6241621236313785)	(200000, 0.6241867048375075)	(210000, 0.6242146139284893)	(220000, 0.6242146139284893)	(230000, 0.6242146139284893)	(240000, 0.6242146139284893)	(250000, 0.6242146139284893)	(260000, 0.6242146139284893)	(270000, 0.6242146139284893)	(280000, 0.6242146139284893)	(290000, 0.6242146139284893)	(300000, 0.6242146139284893)	(310000, 0.6242146139284893)	(320000, 0.6242146139284893)	(330000, 0.6242146139284893)	(340000, 0.6242146139284893)	(350000, 0.6242146139284893)	(360000, 0.6242146139284893)	(370000, 0.6242146139284893)	(380000, 0.6242146139284893)	(390000, 0.6242146139284893)	(400000, 0.6242146139284893)	(410000, 0.6242146139284893)	(420000, 0.6242146139284893)	(430000, 0.6242146139284893)	(440000, 0.6242146139284893)	(450000, 0.6242146139284893)	(460000, 0.6242146139284893)	(470000, 0.6242146139284893)	(480000, 0.6242146139284893)	(490000, 0.6242146139284893)	(500000, 0.6242146139284893)	(510000, 0.6242146139284893)	(520000, 0.6242146139284893)	(530000, 0.6242146139284893)	(540000, 0.6242146139284893)	(550000, 0.6242146139284893)	(560000, 0.6242146139284893)	(570000, 0.6242146139284893)	(580000, 0.6242146139284893)	(590000, 0.6242146139284893)	(600000, 0.6242146139286382)				
dorado_barcode18 - polya	(1, 0.01708353211113383)	(2, 0.01890092914423317)	(3, 0.02244485335877689)	(4, 0.024898339353461005)	(5, 0.027806174606419955)	(6, 0.0298961811944842)	(7, 0.03189531793089348)	(8, 0.03425793407392262)	(9, 0.03607533110702197)	(10, 0.9413809365829936)	(10000, 1.0468713237465341)	(20000, 1.0495916217997376)	(30000, 1.0500646811604357)	(40000, 1.0502737454280606)	(50000, 1.050429160135537)	(60000, 1.0504554851315602)	(70000, 1.0504554851315602)	(80000, 1.0505933074353528)	(90000, 1.0506372248346558)	(100000, 1.0506372248346558)	(110000, 1.0506372248346558)	(120000, 1.0506372248346558)	(130000, 1.0506372248346558)	(140000, 1.050686721642895)	(150000, 1.0507280946863795)	(160000, 1.0507533019835011)	(170000, 1.0508189645381503)	(180000, 1.0508189645381503)	(190000, 1.0508189645381503)	(200000, 1.0508189645381503)	(210000, 1.0508189645381503)	(220000, 1.0508189645381503)	(230000, 1.0508189645381503)	(240000, 1.0508589109249336)	(250000, 1.0509098343898742)	(260000, 1.0509098343898742)	(270000, 1.0509098343898742)	(280000, 1.0509098343898742)	(290000, 1.0509098343898742)	(300000, 1.0509098343898742)	(310000, 1.0509098343898742)	(320000, 1.0509098343898742)	(330000, 1.0509098343898742)	(340000, 1.0509098343898742)	(350000, 1.0509098343898742)	(360000, 1.0509098343898742)	(370000, 1.0509098343898742)	(380000, 1.0509098343898742)	(390000, 1.0509098343898742)	(400000, 1.0509098343898742)	(410000, 1.0509098343898742)	(420000, 1.0509098343898742)	(430000, 1.0509098343898742)	(440000, 1.0509098343898742)	(450000, 1.0509098343898742)	(460000, 1.0509098343898742)	(470000, 1.0509098343898742)	(480000, 1.0509098343898742)	(490000, 1.0509098343898742)	(500000, 1.0509098343898742)	(510000, 1.0509098343898742)	(520000, 1.0509098343898742)	(530000, 1.0509098343898742)	(540000, 1.0509098343898675)										
dorado_barcode18 - polyg	(1, 0.0121765601217656)	(2, 0.013448738044935142)	(3, 0.015902224039619255)	(4, 0.01762875122106363)	(5, 0.01962788795747291)	(6, 0.02144528499057225)	(7, 0.023353551875326565)	(8, 0.02607964742497558)	(9, 0.028351393716349756)	(10, 1.1312560294227487)	(10000, 1.22833547331838)	(20000, 1.2293926349985729)	(30000, 1.229469092891909)	(40000, 1.229469092891909)	(50000, 1.229504904700264)	(60000, 1.229559962743253)	(70000, 1.229712415093665)	(80000, 1.2297417024468515)	(90000, 1.2297417024468515)	(100000, 1.2297417024468515)	(110000, 1.2297417024468515)	(120000, 1.2298063381723277)	(130000, 1.2298325722984984)	(140000, 1.2298325722984984)	(150000, 1.2298325722984984)	(160000, 1.2298325722984984)	(170000, 1.2298325722984984)	(180000, 1.2298325722984984)	(190000, 1.2298325722984984)	(200000, 1.229861659737865)	(210000, 1.2299234421498422)	(220000, 1.2299234421498422)	(230000, 1.2299234421498422)	(240000, 1.2299234421498422)	(250000, 1.2299234421498422)	(260000, 1.2299234421498422)	(270000, 1.2299786183237345)	(280000, 1.2300143120014932)	(290000, 1.2300143120014932)	(300000, 1.2300143120014932)	(310000, 1.2300143120014932)	(320000, 1.2300143120014932)	(330000, 1.2300143120014932)	(340000, 1.2300143120014932)	(350000, 1.2300143120014932)	(360000, 1.2300143120014932)	(370000, 1.2300143120014932)	(380000, 1.2300143120014932)	(390000, 1.2300143120014932)	(400000, 1.2300143120014932)	(410000, 1.2300143120014932)	(420000, 1.2300143120014932)	(430000, 1.2300143120014932)	(440000, 1.2300143120014932)	(450000, 1.2300143120014932)	(460000, 1.2300143120014932)	(470000, 1.2300143120014932)	(480000, 1.2300143120014932)	(490000, 1.2300143120014932)	(500000, 1.2300143120014932)	(510000, 1.2300143120014932)	(520000, 1.2300143120014932)	(530000, 1.2300143120014932)	(540000, 1.2300143120015132)										
dorado_barcode19 - polya	(1, 0.0)	(2, 0.0)	(3, 0.0)	(4, 0.0)	(5, 0.0)	(6, 0.0)	(7, 0.0)	(8, 0.0)	(9, 0.0)	(10, 0.11351286076560838)	(500, 0.37822485207100376)	(1000, 0.47337278106508635)	(1500, 0.47337278106508635)	(2000, 0.47337278106508635)	(2500, 0.47337278106508635)	(3000, 0.5280473372781072)	(3500, 0.591715976331362)	(4000, 0.591715976331362)	(4500, 0.591715976331362)	(5000, 0.591715976331362)	(5500, 0.591715976331362)	(6000, 0.591715976331362)	(6500, 0.591715976331362)	(7000, 0.591715976331362)	(7500, 0.591715976331362)	(8000, 0.591715976331362)	(8500, 0.591715976331362)	(9000, 0.591715976331362)	(9500, 0.591715976331362)	(10000, 0.591715976331362)	(10500, 0.591715976331362)	(11000, 0.591715976331362)	(11500, 0.591715976331362)	(12000, 0.591715976331362)	(12500, 0.591715976331362)	(13000, 0.591715976331362)	(13500, 0.591715976331362)	(14000, 0.591715976331362)	(14500, 0.591715976331362)	(15000, 0.591715976331362)	(15500, 0.591715976331362)	(16000, 0.591715976331362)	(16500, 0.591715976331362)	(17000, 0.591715976331362)	(17500, 0.591715976331362)	(18000, 0.591715976331362)	(18500, 0.591715976331362)	(19000, 0.591715976331362)	(19500, 0.591715976331362)	(20000, 0.591715976331362)	(20500, 0.591715976331362)	(21000, 0.591715976331362)	(21500, 0.591715976331362)	(22000, 0.591715976331362)	(22500, 0.591715976331362)	(23000, 0.591715976331362)	(23500, 0.591715976331362)	(24000, 0.591715976331362)	(24500, 0.591715976331362)	(25000, 0.591715976331362)	(25500, 0.591715976331362)	(26000, 0.591715976331362)	(26500, 0.591715976331362)	(27000, 0.591715976331362)	(27500, 0.591715976331362)	(28000, 0.5917159763313588)								
dorado_barcode19 - polyg	(1, 0.0)	(2, 0.0)	(3, 0.0)	(4, 0.0)	(5, 0.0)	(6, 0.0)	(7, 0.0)	(8, 0.0)	(9, 0.0)	(10, 0.16302378939741638)	(500, 0.23668639053254317)	(1000, 0.23668639053254317)	(1500, 0.23668639053254317)	(2000, 0.29467455621301725)	(2500, 0.3550295857988134)	(3000, 0.3550295857988134)	(3500, 0.3550295857988134)	(4000, 0.3550295857988134)	(4500, 0.3550295857988134)	(5000, 0.3550295857988134)	(5500, 0.3550295857988134)	(6000, 0.3550295857988134)	(6500, 0.3550295857988134)	(7000, 0.3550295857988134)	(7500, 0.3550295857988134)	(8000, 0.3550295857988134)	(8500, 0.3550295857988134)	(9000, 0.3550295857988134)	(9500, 0.3550295857988134)	(10000, 0.3550295857988134)	(10500, 0.3550295857988134)	(11000, 0.3550295857988134)	(11500, 0.3550295857988134)	(12000, 0.3550295857988134)	(12500, 0.3550295857988134)	(13000, 0.3550295857988134)	(13500, 0.3550295857988134)	(14000, 0.3550295857988134)	(14500, 0.3550295857988134)	(15000, 0.3550295857988134)	(15500, 0.3550295857988134)	(16000, 0.3550295857988134)	(16500, 0.3550295857988134)	(17000, 0.3550295857988134)	(17500, 0.3550295857988134)	(18000, 0.3550295857988134)	(18500, 0.3550295857988134)	(19000, 0.3550295857988134)	(19500, 0.3550295857988134)	(20000, 0.3550295857988134)	(20500, 0.3550295857988134)	(21000, 0.3550295857988134)	(21500, 0.3550295857988134)	(22000, 0.3550295857988134)	(22500, 0.3550295857988134)	(23000, 0.3550295857988134)	(23500, 0.3550295857988134)	(24000, 0.3550295857988134)	(24500, 0.3550295857988134)	(25000, 0.3550295857988134)	(25500, 0.3550295857988134)	(26000, 0.3550295857988134)	(26500, 0.3550295857988134)	(27000, 0.3550295857988134)	(27500, 0.3550295857988134)	(28000, 0.3550295857988171)								
dorado_barcode20 - polya	(1, 0.0114785093930319)	(2, 0.0114785093930319)	(3, 0.011671967416509966)	(4, 0.01180093943216201)	(5, 0.012316827494770186)	(6, 0.012703743541726317)	(7, 0.013413089627812557)	(8, 0.013735519666942668)	(9, 0.013993463698246755)	(10, 0.2730351797631624)	(20000, 0.39893670633844486)	(40000, 0.4097519320007008)	(60000, 0.4103317192486629)	(80000, 0.41038895380466894)	(100000, 0.4104652149577054)	(120000, 0.4105179258203971)	(140000, 0.4105179258203971)	(160000, 0.4105179258203971)	(180000, 0.4105179258203971)	(200000, 0.4105278889086857)	(220000, 0.4105824118285007)	(240000, 0.4105824118285007)	(260000, 0.4105824118285007)	(280000, 0.4105824118285007)	(300000, 0.4105824118285007)	(320000, 0.4105824118285007)	(340000, 0.4105824118285007)	(360000, 0.4105824118285007)	(380000, 0.4105824118285007)	(400000, 0.4105824118285007)	(420000, 0.4105824118285007)	(440000, 0.4105824118285007)	(460000, 0.4105824118285007)	(480000, 0.4105824118285007)	(500000, 0.4105824118285007)	(520000, 0.4105824118285007)	(540000, 0.4105824118285007)	(560000, 0.4105824118285007)	(580000, 0.4105824118285007)	(600000, 0.4105824118285007)	(620000, 0.4105824118285007)	(640000, 0.4105824118285007)	(660000, 0.41058241182838684)																															
dorado_barcode20 - polyg	(1, 0.00012897201565204383)	(2, 0.00012897201565204383)	(3, 0.00012897201565204383)	(4, 0.00019345802347806574)	(5, 0.00019345802347806574)	(6, 0.00019345802347806574)	(7, 0.00019345802347806574)	(8, 0.00019345802347806574)	(9, 0.00025794403130408765)	(10, 0.07261020606800538)	(20000, 0.11066202947782999)	(40000, 0.11320217524198634)	(60000, 0.11350633961943433)	(80000, 0.11362434578949075)	(100000, 0.11366807375142393)	(120000, 0.11368883179733866)	(140000, 0.11368883179733866)	(160000, 0.11368883179733866)	(180000, 0.11368883179733866)	(200000, 0.11368883179733866)	(220000, 0.11368883179733866)	(240000, 0.11368883179733866)	(260000, 0.11368883179733866)	(280000, 0.11368883179733866)	(300000, 0.11368883179733866)	(320000, 0.11368883179733866)	(340000, 0.11368883179733866)	(360000, 0.11368883179733866)	(380000, 0.11368883179733866)	(400000, 0.11368883179733866)	(420000, 0.11368883179733866)	(440000, 0.11368883179733866)	(460000, 0.11368883179733866)	(480000, 0.11368883179733866)	(500000, 0.11368883179733866)	(520000, 0.11368883179733866)	(540000, 0.11368883179733866)	(560000, 0.11368883179733866)	(580000, 0.11368883179733866)	(600000, 0.11368883179733866)	(620000, 0.11368883179733866)	(640000, 0.11368883179733866)	(660000, 0.11368883179731296)																															
dorado_barcode24 - polya	(1, 0.0)	(2, 0.0)	(3, 0.0)	(4, 0.0)	(5, 0.0)	(6, 0.0)	(7, 0.0)	(8, 0.0)	(9, 0.0)	(10, 0.0)	(200, 0.0)	(400, 0.0)	(600, 0.0)	(800, 51.5)	(1000, 100.0)	(1200, 100.0)	(1400, 100.0)	(1600, 100.0)	(1800, 100.0)	(2000, 100.0)	(2200, 100.0)	(2400, 100.0)	(2600, 100.0)	(2800, 100.0)	(3000, 100.0)	(3200, 100.0)	(3400, 100.0)	(3600, 100.0)	(3800, 100.0)	(4000, 100.0)	(4200, 100.0)	(4400, 100.0)	(4600, 100.0)	(4800, 100.0)	(5000, 100.0)	(5200, 100.0)	(5400, 100.0)	(5600, 100.0)	(5800, 100.0)	(6000, 100.0)	(6200, 100.0)	(6400, 100.0)	(6600, 100.0)	(6800, 100.0)	(7000, 100.0)	(7200, 100.0)	(7400, 100.0)	(7600, 100.0)	(7800, 100.0)	(8000, 100.0)	(8200, 100.0)	(8400, 100.0)	(8600, 100.0)	(8800, 100.0)	(9000, 100.0)	(9200, 100.0)	(9400, 100.0)	(9600, 100.0)	(9800, 100.0)	(10000, 100.0)	(10200, 100.0)	(10400, 100.0)	(10600, 100.0)	(10800, 100.0)	(11000, 100.0)	(11200, 100.0)	(11400, 100.0)							
dorado_unclassified - polya	(1, 2.771897165680723)	(2, 2.7834485883939304)	(3, 2.7905571562174423)	(4, 2.7974435812964695)	(5, 2.8063292910758597)	(6, 2.8181028565335513)	(7, 2.8307649929691823)	(8, 2.845204271360691)	(9, 2.8525349819286876)	(10, 9.153092532769067)	(20000, 9.879475798659024)	(40000, 9.927600802824223)	(60000, 9.93643676373624)	(80000, 9.94050373088667)	(100000, 9.942465562321251)	(120000, 9.942887100391541)	(140000, 9.94295583136046)	(160000, 9.943404948451205)	(180000, 9.943993282404277)	(200000, 9.944522726309874)	(220000, 9.94488638509214)	(240000, 9.944890172626142)	(260000, 9.945261850755513)	(280000, 9.94533067057856)	(300000, 9.94533067057856)	(320000, 9.94533067057856)	(340000, 9.94533067057856)	(360000, 9.94533067057856)	(380000, 9.94533067057856)	(400000, 9.94533067057856)	(420000, 9.94533067057856)	(440000, 9.94533067057856)	(460000, 9.94533067057856)	(480000, 9.94533067057856)	(500000, 9.94533067057856)	(520000, 9.94533067057856)	(540000, 9.94533067057856)	(560000, 9.94533067057856)	(580000, 9.94533067057856)	(600000, 9.94533067057856)	(620000, 9.94533067057856)	(640000, 9.94533067057856)	(660000, 9.94533067057856)	(680000, 9.94533067057856)	(700000, 9.94533067057856)	(720000, 9.94533067057856)	(740000, 9.945330670582962)																											
dorado_unclassified - polyg	(1, 0.02865641403853288)	(2, 0.029544985016471886)	(3, 0.030433555994410888)	(4, 0.031322126972349894)	(5, 0.03332141167271265)	(6, 0.034432125395136404)	(7, 0.03487641088410591)	(8, 0.036209267351014415)	(9, 0.03820855205137717)	(10, 1.3367855930871015)	(20000, 1.5311228427161103)	(40000, 1.5541248131223913)	(60000, 1.5601381838945454)	(80000, 1.5617697446021421)	(100000, 1.5632351536451234)	(120000, 1.5638364496252033)	(140000, 1.5642715161911007)	(160000, 1.5646865121593727)	(180000, 1.5647734921510659)	(200000, 1.5647734921510659)	(220000, 1.5647734921510659)	(240000, 1.5647734921510659)	(260000, 1.5647734921510659)	(280000, 1.5647734921510659)	(300000, 1.5647734921510659)	(320000, 1.5647734921510659)	(340000, 1.5647734921510659)	(360000, 1.5647734921510659)	(380000, 1.5647734921510659)	(400000, 1.5647734921510659)	(420000, 1.5647734921510659)	(440000, 1.5647734921510659)	(460000, 1.5647734921510659)	(480000, 1.5647734921510659)	(500000, 1.5647734921510659)	(520000, 1.5647734921510659)	(540000, 1.5647734921510659)	(560000, 1.5647734921510659)	(580000, 1.5647734921510659)	(600000, 1.5647734921510659)	(620000, 1.5647734921510659)	(640000, 1.5647734921510659)	(660000, 1.5647734921510659)	(680000, 1.5647734921510659)	(700000, 1.5647734921510659)	(720000, 1.5647734921510659)	(740000, 1.564773492150462)																											
