Sample	0	1	2	3	4	5	6	7	8	9	10	11	12	13	14	15	16	17	18	19	20	21	22	23	24	25	26	27	28	29	30	31	32	33	34	35	36	37	38	39	40	41	42	43	44	45	46	47	48	49	50	51	52	53	54	55	56	57	58	59	60	61	62	63	64	65	66	67	68	69	70	71	72	73	74	75	76	77	78	79	80	81	82	83	84	85	86	87	88	89	90	91	92	93	94	95	96	97	98	99	100
minknow_barcode01	(0.0, 0.0)	(1.0, 0.0)	(2.0, 0.0)	(3.0, 0.0)	(4.0, 0.0)	(5.0, 0.0)	(6.0, 0.0)	(7.0, 0.0)	(8.0, 0.0)	(9.0, 0.0)	(10.0, 0.0)	(11.0, 0.0)	(12.0, 0.0)	(13.0, 0.0)	(14.0, 0.0)	(15.0, 0.0)	(16.0, 0.0)	(17.0, 0.0)	(18.0, 0.0)	(19.0, 0.0)	(20.0, 0.0)	(21.0, 0.0)	(22.0, 0.0)	(23.0, 0.7216475740001175)	(24.0, 1.3530892012502203)	(25.0, 0.3163065665260255)	(26.0, 0.5869244067760695)	(27.0, 0.24601621840913096)	(28.0, 0.27061784025004404)	(29.0, 0.8659522484528849)	(30.0, 1.7087970979941907)	(31.0, 1.9010799353663808)	(32.0, 2.6300949773424445)	(33.0, 3.028437958248613)	(34.0, 3.023124877173474)	(35.0, 3.6097743977716172)	(36.0, 2.7599129726402043)	(37.0, 3.786635687340877)	(38.0, 3.22894717827419)	(39.0, 1.8974631070683128)	(40.0, 5.773600913275716)	(41.0, 4.89348680784874)	(42.0, 2.1391778426447945)	(43.0, 2.102116212742827)	(44.0, 2.5700156815173214)	(45.0, 2.1113423329240706)	(46.0, 1.9819926870528637)	(47.0, 2.487683886391216)	(48.0, 3.3589252396668456)	(49.0, 3.382253770962942)	(50.0, 2.621294806287245)	(51.0, 1.6460884111528418)	(52.0, 2.7359180116317217)	(53.0, 5.118362668294154)	(54.0, 3.368978104856038)	(55.0, 3.2851536147279563)	(56.0, 2.939084996743718)	(57.0, 1.4962807229315702)	(58.0, 1.6850769768424885)	(59.0, 1.601676239033902)	(60.0, 1.9949209168567323)	(61.0, 1.2514911456607922)	(62.0, 1.3415464234957302)	(63.0, 1.5803623994485945)	(64.0, 1.1192809304967573)	(65.0, 1.327957028352404)	(66.0, 1.2451444964352445)	(67.0, 0.2733513537879233)	(68.0, 0.12300810920456548)	(69.0, 0.3163065665260255)	(70.0, 0.19329845732146003)	(71.0, 0.0)	(72.0, 0.0)	(73.0, 0.0)	(74.0, 0.0)	(75.0, 0.0)	(76.0, 0.0)	(77.0, 0.0)	(78.0, 0.0)	(79.0, 0.0)	(80.0, 0.0)	(81.0, 0.0)	(82.0, 0.0)	(83.0, 0.0)	(84.0, 0.0)	(85.0, 0.0)	(86.0, 0.0)	(87.0, 0.0)	(88.0, 0.0)	(89.0, 0.0)	(90.0, 0.0)	(91.0, 0.0)	(92.0, 0.0)	(93.0, 0.0)	(94.0, 0.0)	(95.0, 0.0)	(96.0, 0.0)	(97.0, 0.0)	(98.0, 0.0)	(99.0, 0.0)	(100.0, 0.0)
minknow_barcode02	(0.0, 0.0)	(1.0, 0.0)	(2.0, 0.0)	(3.0, 0.0)	(4.0, 0.0)	(5.0, 0.0)	(6.0, 0.0011572354344799147)	(7.0, 0.001446544293099893)	(8.0, 0.0)	(9.0, 0.0072327214654994655)	(10.0, 0.005786177172399572)	(11.0, 0.0)	(12.0, 0.0037610151620597223)	(13.0, 0.010029373765492592)	(14.0, 0.007247333024015626)	(15.0, 0.011797789819048478)	(16.0, 0.009925881165661054)	(17.0, 0.02206637567110564)	(18.0, 0.01875122178033905)	(19.0, 0.013286591667095105)	(20.0, 0.040864157980766765)	(21.0, 0.07020128106086641)	(22.0, 0.09319102672075473)	(23.0, 0.11464270559089604)	(24.0, 0.1395597124661292)	(25.0, 0.2154713136193232)	(26.0, 0.28970028267552805)	(27.0, 0.33068520207053587)	(28.0, 0.4623532632229178)	(29.0, 0.6182569026069139)	(30.0, 0.8299009434664745)	(31.0, 1.0181521516072125)	(32.0, 1.1976915231680954)	(33.0, 1.360146907882501)	(34.0, 1.7520035257379627)	(35.0, 1.882965754283097)	(36.0, 2.239147384049615)	(37.0, 2.3829165063929763)	(38.0, 2.5547991712800497)	(39.0, 2.8394043785021292)	(40.0, 2.7330743059579983)	(41.0, 2.6289098645210682)	(42.0, 2.590861478594268)	(43.0, 2.5164551914304214)	(44.0, 2.444933057172883)	(45.0, 2.5537061888775594)	(46.0, 2.695712013691579)	(47.0, 2.6917967848618027)	(48.0, 2.7878731612320657)	(49.0, 3.035652118928299)	(50.0, 3.055137789382257)	(51.0, 3.1948278591140946)	(52.0, 3.618039229921738)	(53.0, 3.735448629010063)	(54.0, 3.7122770987421188)	(55.0, 3.6083116858316604)	(56.0, 3.4571262691265336)	(57.0, 3.2596882608817817)	(58.0, 3.0485974717850994)	(59.0, 2.8141541357078013)	(60.0, 2.684336055326041)	(61.0, 2.5420082274230005)	(62.0, 2.291942937045372)	(63.0, 2.1364517066748854)	(64.0, 1.9983316181476047)	(65.0, 1.7005508770570672)	(66.0, 1.4550185022607833)	(67.0, 1.1397415802012762)	(68.0, 0.9270791334476645)	(69.0, 0.6996220058926812)	(70.0, 0.537537348772595)	(71.0, 0.3630580027310076)	(72.0, 0.2223817833621453)	(73.0, 0.1859302564968944)	(74.0, 0.13613076301444424)	(75.0, 0.0683480346344388)	(76.0, 0.04355789088287548)	(77.0, 0.060052253082118416)	(78.0, 0.02719503271027799)	(79.0, 0.01493885742692253)	(80.0, 0.011572354344799144)	(81.0, 0.002893088586199786)	(82.0, 0.006838209385563131)	(83.0, 0.011572354344799144)	(84.0, 0.005786177172399572)	(85.0, 0.0)	(86.0, 0.0)	(87.0, 0.0)	(88.0, 0.0)	(89.0, 0.0)	(90.0, 0.0)	(91.0, 0.0)	(92.0, 0.0)	(93.0, 0.0)	(94.0, 0.0)	(95.0, 0.0)	(96.0, 0.0)	(97.0, 0.0)	(98.0, 0.0)	(99.0, 0.0)	(100.0, 0.0)
minknow_barcode03	(0.0, 0.0)	(1.0, 0.0)	(2.0, 0.0)	(3.0, 0.0)	(4.0, 0.0)	(5.0, 0.0)	(6.0, 0.0)	(7.0, 0.0)	(8.0, 0.0)	(9.0, 0.0)	(10.0, 0.0)	(11.0, 0.0)	(12.0, 0.0)	(13.0, 0.0)	(14.0, 0.0)	(15.0, 0.0)	(16.0, 0.0)	(17.0, 0.0)	(18.0, 0.0)	(19.0, 0.0)	(20.0, 0.0)	(21.0, 0.0)	(22.0, 0.0)	(23.0, 0.0)	(24.0, 3.471658139595171)	(25.0, 5.615917578756895)	(26.0, 0.13794668104351676)	(27.0, 0.0)	(28.0, 0.0)	(29.0, 4.165989767514207)	(30.0, 0.9919023255986206)	(31.0, 1.9838046511972411)	(32.0, 0.0)	(33.0, 0.4084303693641379)	(34.0, 6.99863390888719)	(35.0, 6.0754017442915496)	(36.0, 0.0)	(37.0, 0.6719338334700332)	(38.0, 3.3063410853287345)	(39.0, 0.0)	(40.0, 1.8936317125064575)	(41.0, 3.181944093999535)	(42.0, 0.0)	(43.0, 6.731555313490696)	(44.0, 6.24898465127131)	(45.0, 9.714951548014685)	(46.0, 0.0)	(47.0, 0.0)	(48.0, 0.0)	(49.0, 0.0)	(50.0, 0.9919023255986206)	(51.0, 3.4234075717662065)	(52.0, 3.275677438166412)	(53.0, 0.0)	(54.0, 2.603743604696379)	(55.0, 2.603743604696379)	(56.0, 6.621172210234939)	(57.0, 2.4016792451301407)	(58.0, 5.658669413194178)	(59.0, 2.9757069767958613)	(60.0, 0.6719338334700332)	(61.0, 2.015444278808042)	(62.0, 0.0)	(63.0, 0.9919023255986206)	(64.0, 0.0)	(65.0, 0.0)	(66.0, 2.0829948837571033)	(67.0, 2.0829948837571033)	(68.0, 0.0)	(69.0, 0.0)	(70.0, 0.0)	(71.0, 0.0)	(72.0, 0.0)	(73.0, 0.0)	(74.0, 0.0)	(75.0, 0.0)	(76.0, 0.0)	(77.0, 0.0)	(78.0, 0.0)	(79.0, 0.0)	(80.0, 0.0)	(81.0, 0.0)	(82.0, 0.0)	(83.0, 0.0)	(84.0, 0.0)	(85.0, 0.0)	(86.0, 0.0)	(87.0, 0.0)	(88.0, 0.0)	(89.0, 0.0)	(90.0, 0.0)	(91.0, 0.0)	(92.0, 0.0)	(93.0, 0.0)	(94.0, 0.0)	(95.0, 0.0)	(96.0, 0.0)	(97.0, 0.0)	(98.0, 0.0)	(99.0, 0.0)	(100.0, 0.0)
minknow_barcode04	(0.0, 0.0)	(1.0, 0.0)	(2.0, 0.0)	(3.0, 0.0)	(4.0, 0.0)	(5.0, 0.0)	(6.0, 0.0)	(7.0, 0.0)	(8.0, 0.0)	(9.0, 0.0)	(10.0, 0.0)	(11.0, 0.0)	(12.0, 0.0)	(13.0, 0.0)	(14.0, 0.0)	(15.0, 0.0)	(16.0, 0.0)	(17.0, 0.0)	(18.0, 0.0)	(19.0, 0.0)	(20.0, 0.0)	(21.0, 0.0)	(22.0, 0.0)	(23.0, 0.861206585454596)	(24.0, 0.0)	(25.0, 0.0)	(26.0, 1.8085338294546516)	(27.0, 0.03046068308681851)	(28.0, 0.0)	(29.0, 0.0)	(30.0, 1.5841858954286647)	(31.0, 3.3532377049525772)	(32.0, 2.8570186723811197)	(33.0, 0.0)	(34.0, 4.109185707740501)	(35.0, 3.55356855583431)	(36.0, 5.1195982973620024)	(37.0, 5.052411968000296)	(38.0, 0.0)	(39.0, 1.5543728615521977)	(40.0, 3.4605801208206026)	(41.0, 3.858066598548613)	(42.0, 0.0)	(43.0, 2.039589254820519)	(44.0, 1.6294908807945208)	(45.0, 0.861206585454596)	(46.0, 0.0)	(47.0, 6.064329705909446)	(48.0, 5.741377236363973)	(49.0, 0.0)	(50.0, 1.3533246342857934)	(51.0, 5.635435156407257)	(52.0, 4.211891227000247)	(53.0, 3.8538994699093174)	(54.0, 1.8946544880001113)	(55.0, 2.8419817320001672)	(56.0, 1.9573913915762737)	(57.0, 0.2310554253658672)	(58.0, 1.050475622989241)	(59.0, 2.995295431828348)	(60.0, 2.045365640454665)	(61.0, 7.215825291823361)	(62.0, 7.215825291823361)	(63.0, 2.045365640454665)	(64.0, 0.0)	(65.0, 0.0)	(66.0, 1.0525858266667283)	(67.0, 0.0)	(68.0, 0.861206585454596)	(69.0, 0.0)	(70.0, 0.0)	(71.0, 0.0)	(72.0, 0.0)	(73.0, 0.0)	(74.0, 0.0)	(75.0, 0.0)	(76.0, 0.0)	(77.0, 0.0)	(78.0, 0.0)	(79.0, 0.0)	(80.0, 0.0)	(81.0, 0.0)	(82.0, 0.0)	(83.0, 0.0)	(84.0, 0.0)	(85.0, 0.0)	(86.0, 0.0)	(87.0, 0.0)	(88.0, 0.0)	(89.0, 0.0)	(90.0, 0.0)	(91.0, 0.0)	(92.0, 0.0)	(93.0, 0.0)	(94.0, 0.0)	(95.0, 0.0)	(96.0, 0.0)	(97.0, 0.0)	(98.0, 0.0)	(99.0, 0.0)	(100.0, 0.0)
minknow_barcode05	(0.0, 0.0)	(1.0, 0.0002973286558055459)	(2.0, 0.0)	(3.0, 0.0)	(4.0, 0.0006892618839128565)	(5.0, 0.0006689894755624783)	(6.0, 0.0006689894755624783)	(7.0, 0.0)	(8.0, 0.0002675957902249914)	(9.0, 0.0016947733380916117)	(10.0, 0.0002973286558055459)	(11.0, 0.008930478554730862)	(12.0, 0.009163128574370917)	(13.0, 0.003938639336644894)	(14.0, 0.005849265556029104)	(15.0, 0.01133598539797404)	(16.0, 0.011422960262265578)	(17.0, 0.014505042078468065)	(18.0, 0.014304731536066189)	(19.0, 0.02637571442710055)	(20.0, 0.03726250339223149)	(21.0, 0.05445792761188632)	(22.0, 0.08470631576514047)	(23.0, 0.11205405089007356)	(24.0, 0.1655359782917063)	(25.0, 0.19142146239817406)	(26.0, 0.23894005447472505)	(27.0, 0.3448489819346667)	(28.0, 0.5096322796010354)	(29.0, 0.6920708114040283)	(30.0, 0.9168470384865766)	(31.0, 1.2058707966198305)	(32.0, 1.5007067022707958)	(33.0, 1.8129262020515315)	(34.0, 2.1386552715296574)	(35.0, 2.477082722896762)	(36.0, 2.695577060481976)	(37.0, 2.7846307347627803)	(38.0, 2.8900369475707883)	(39.0, 2.8119730719464004)	(40.0, 2.712177127969898)	(41.0, 2.5385760889896245)	(42.0, 2.442876008060108)	(43.0, 2.4000252737488705)	(44.0, 2.4423355436090333)	(45.0, 2.4721198227059307)	(46.0, 2.603047354082738)	(47.0, 2.836176528424962)	(48.0, 3.1617766355314276)	(49.0, 3.5850662014691395)	(50.0, 3.9196007861710442)	(51.0, 4.175588567197132)	(52.0, 4.41828117485786)	(53.0, 4.29100126414784)	(54.0, 4.0926432177311)	(55.0, 3.670958616371052)	(56.0, 3.1910624209768397)	(57.0, 2.821614387970724)	(58.0, 2.5125861650580608)	(59.0, 2.3594308254318115)	(60.0, 2.321895956776607)	(61.0, 2.2996463094716186)	(62.0, 2.0719427145536753)	(63.0, 1.7040338728449382)	(64.0, 1.317744009454529)	(65.0, 0.9955706213261979)	(66.0, 0.7695497205705039)	(67.0, 0.6132814985848546)	(68.0, 0.4607740592450736)	(69.0, 0.3452620821151021)	(70.0, 0.2297789011575)	(71.0, 0.1478264482758336)	(72.0, 0.10533004106353014)	(73.0, 0.056646181220247824)	(74.0, 0.036635846356620184)	(75.0, 0.028880362541782275)	(76.0, 0.019543424139617304)	(77.0, 0.016310890152880668)	(78.0, 0.00934905551952724)	(79.0, 0.007577826241371346)	(80.0, 0.008032526084334296)	(81.0, 0.0036348428172227982)	(82.0, 0.0005351915804499827)	(83.0, 0.0)	(84.0, 0.0009365852657874696)	(85.0, 0.0006689894755624783)	(86.0, 0.0006689894755624783)	(87.0, 0.0)	(88.0, 0.0013379789511249567)	(89.0, 0.0013379789511249567)	(90.0, 0.0008919859674166378)	(91.0, 0.0008919859674166378)	(92.0, 0.0)	(93.0, 0.0)	(94.0, 0.0)	(95.0, 0.0008919859674166378)	(96.0, 0.0)	(97.0, 0.0)	(98.0, 0.0)	(99.0, 0.0)	(100.0, 0.0)
minknow_barcode06	(0.0, 0.0)	(1.0, 0.0)	(2.0, 0.0)	(3.0, 0.0)	(4.0, 0.0)	(5.0, 0.0)	(6.0, 0.0)	(7.0, 0.0)	(8.0, 0.0)	(9.0, 0.0)	(10.0, 0.0)	(11.0, 0.0)	(12.0, 0.0)	(13.0, 0.0)	(14.0, 0.0)	(15.0, 0.0)	(16.0, 0.0)	(17.0, 0.0)	(18.0, 0.0)	(19.0, 0.0)	(20.0, 0.0)	(21.0, 0.0)	(22.0, 0.0)	(23.0, 0.0)	(24.0, 0.0)	(25.0, 0.0)	(26.0, 2.284732430412646)	(27.0, 5.711831076031615)	(28.0, 3.198625402577705)	(29.0, 3.198625402577705)	(30.0, 3.9602028793819204)	(31.0, 0.0)	(32.0, 3.198625402577705)	(33.0, 1.5376542868174592)	(34.0, 1.4539206375353202)	(35.0, 2.6655211688147538)	(36.0, 3.2309347500784895)	(37.0, 3.0532333388241724)	(38.0, 3.9982817532221304)	(39.0, 3.198625402577705)	(40.0, 0.0)	(41.0, 0.515907322996404)	(42.0, 3.884045131701498)	(43.0, 0.0)	(44.0, 0.0)	(45.0, 3.673526386440552)	(46.0, 4.773215205364575)	(47.0, 5.705537047297696)	(48.0, 2.2154981143395354)	(49.0, 0.7615774768042153)	(50.0, 1.7161030475826733)	(51.0, 0.8836624158338987)	(52.0, 0.0)	(53.0, 6.93035503891836)	(54.0, 0.7615774768042153)	(55.0, 3.0532333388241724)	(56.0, 1.4539206375353202)	(57.0, 4.88101928315429)	(58.0, 0.2811796617869354)	(59.0, 5.168453363109428)	(60.0, 3.3763268138320215)	(61.0, 3.198625402577705)	(62.0, 0.0)	(63.0, 0.0)	(64.0, 0.0)	(65.0, 1.2774847998006191)	(66.0, 0.0)	(67.0, 0.0)	(68.0, 0.0)	(69.0, 0.0)	(70.0, 0.0)	(71.0, 3.198625402577705)	(72.0, 0.0)	(73.0, 0.0)	(74.0, 0.0)	(75.0, 1.5993127012888524)	(76.0, 0.0)	(77.0, 0.0)	(78.0, 0.0)	(79.0, 0.0)	(80.0, 0.0)	(81.0, 0.0)	(82.0, 0.0)	(83.0, 0.0)	(84.0, 0.0)	(85.0, 0.0)	(86.0, 0.0)	(87.0, 0.0)	(88.0, 0.0)	(89.0, 0.0)	(90.0, 0.0)	(91.0, 0.0)	(92.0, 0.0)	(93.0, 0.0)	(94.0, 0.0)	(95.0, 0.0)	(96.0, 0.0)	(97.0, 0.0)	(98.0, 0.0)	(99.0, 0.0)	(100.0, 0.0)
minknow_barcode07	(0.0, 0.0)	(1.0, 0.0)	(2.0, 0.0)	(3.0, 0.0)	(4.0, 0.0)	(5.0, 0.0)	(6.0, 0.0)	(7.0, 0.0)	(8.0, 0.0)	(9.0, 0.0)	(10.0, 0.0)	(11.0, 0.0)	(12.0, 0.0)	(13.0, 0.0)	(14.0, 0.0)	(15.0, 0.0)	(16.0, 0.0)	(17.0, 0.0)	(18.0, 0.0)	(19.0, 0.0)	(20.0, 0.0)	(21.0, 0.0)	(22.0, 0.0)	(23.0, 0.0)	(24.0, 0.0)	(25.0, 0.0)	(26.0, 2.5456935495205317)	(27.0, 0.0)	(28.0, 2.9699758077739538)	(29.0, 10.394915327208837)	(30.0, 4.45496371166093)	(31.0, 1.6199868042403385)	(32.0, 0.0)	(33.0, 0.8485645165068438)	(34.0, 1.6971290330136877)	(35.0, 3.401972288904711)	(36.0, 0.8485645165068438)	(37.0, 1.683402657787113)	(38.0, 0.0)	(39.0, 7.378778605120509)	(40.0, 0.0)	(41.0, 0.0)	(42.0, 0.0)	(43.0, 0.0)	(44.0, 4.45496371166093)	(45.0, 7.424939519434884)	(46.0, 3.3193847263355956)	(47.0, 0.0)	(48.0, 2.227481855830465)	(49.0, 7.743151213124951)	(50.0, 5.183957773569083)	(51.0, 1.6199868042403385)	(52.0, 2.227481855830465)	(53.0, 0.0)	(54.0, 0.14727152765821258)	(55.0, 4.520719633604266)	(56.0, 8.593768708300765)	(57.0, 5.533366692130724)	(58.0, 3.6811748963109228)	(59.0, 0.29444649015502056)	(60.0, 0.0)	(61.0, 1.6199868042403385)	(62.0, 0.0)	(63.0, 0.0)	(64.0, 0.0)	(65.0, 0.0)	(66.0, 3.5639709693287447)	(67.0, 0.0)	(68.0, 0.0)	(69.0, 0.0)	(70.0, 0.0)	(71.0, 0.0)	(72.0, 0.0)	(73.0, 0.0)	(74.0, 0.0)	(75.0, 0.0)	(76.0, 0.0)	(77.0, 0.0)	(78.0, 0.0)	(79.0, 0.0)	(80.0, 0.0)	(81.0, 0.0)	(82.0, 0.0)	(83.0, 0.0)	(84.0, 0.0)	(85.0, 0.0)	(86.0, 0.0)	(87.0, 0.0)	(88.0, 0.0)	(89.0, 0.0)	(90.0, 0.0)	(91.0, 0.0)	(92.0, 0.0)	(93.0, 0.0)	(94.0, 0.0)	(95.0, 0.0)	(96.0, 0.0)	(97.0, 0.0)	(98.0, 0.0)	(99.0, 0.0)	(100.0, 0.0)
minknow_barcode08	(0.0, 0.0)	(1.0, 0.0)	(2.0, 0.0)	(3.0, 0.0)	(4.0, 0.0)	(5.0, 0.0)	(6.0, 0.0)	(7.0, 0.0)	(8.0, 0.0)	(9.0, 0.0)	(10.0, 0.0)	(11.0, 0.0)	(12.0, 0.0)	(13.0, 0.0)	(14.0, 0.0)	(15.0, 0.0)	(16.0, 0.0)	(17.0, 0.0)	(18.0, 0.0)	(19.0, 0.0)	(20.0, 0.0)	(21.0, 0.0)	(22.0, 0.0)	(23.0, 0.0)	(24.0, 0.0)	(25.0, 0.0)	(26.0, 0.9288212667094937)	(27.0, 0.9288212667094937)	(28.0, 2.919152552515551)	(29.0, 2.3883975429672692)	(30.0, 2.043406786760886)	(31.0, 0.9288212667094937)	(32.0, 1.4595762762577755)	(33.0, 0.0)	(34.0, 4.837610764111947)	(35.0, 3.134771775144541)	(36.0, 1.5718513744314506)	(37.0, 5.969974793982032)	(38.0, 2.8595139519802872)	(39.0, 0.0)	(40.0, 0.393041577898307)	(41.0, 0.3295817398001429)	(42.0, 0.0)	(43.0, 0.0)	(44.0, 4.334499244644303)	(45.0, 0.9288212667094937)	(46.0, 2.967805095057477)	(47.0, 2.4812796696382184)	(48.0, 0.1439018863916117)	(49.0, 4.398123419550581)	(50.0, 2.043406786760886)	(51.0, 2.372988526561029)	(52.0, 2.201013239872469)	(53.0, 4.092537402056116)	(54.0, 5.890941602669513)	(55.0, 0.9964837430923045)	(56.0, 4.2042163697848345)	(57.0, 5.766432030821439)	(58.0, 3.9216897927734182)	(59.0, 8.449693467982199)	(60.0, 5.108516966902215)	(61.0, 0.09204535075499487)	(62.0, 0.0)	(63.0, 1.4595762762577755)	(64.0, 0.0)	(65.0, 1.8576425334189874)	(66.0, 0.0)	(67.0, 0.4865254254192586)	(68.0, 2.5542584834511075)	(69.0, 2.5542584834511075)	(70.0, 0.0)	(71.0, 0.0)	(72.0, 0.0)	(73.0, 0.0)	(74.0, 0.0)	(75.0, 0.0)	(76.0, 0.0)	(77.0, 0.0)	(78.0, 0.0)	(79.0, 0.0)	(80.0, 0.0)	(81.0, 0.0)	(82.0, 0.0)	(83.0, 0.0)	(84.0, 0.0)	(85.0, 0.0)	(86.0, 0.0)	(87.0, 0.0)	(88.0, 0.0)	(89.0, 0.0)	(90.0, 0.0)	(91.0, 0.0)	(92.0, 0.0)	(93.0, 0.0)	(94.0, 0.0)	(95.0, 0.0)	(96.0, 0.0)	(97.0, 0.0)	(98.0, 0.0)	(99.0, 0.0)	(100.0, 0.0)
minknow_barcode09	(0.0, 0.0)	(1.0, 0.0)	(2.0, 0.0)	(3.0, 0.0)	(4.0, 0.0)	(5.0, 0.0)	(6.0, 0.0)	(7.0, 0.0)	(8.0, 0.0)	(9.0, 0.0017626647084522744)	(10.0, 0.011457320604939782)	(11.0, 0.009694655896487507)	(12.0, 0.0)	(13.0, 0.0017626647084522744)	(14.0, 0.0)	(15.0, 0.0)	(16.0, 0.010556403087286396)	(17.0, 0.01856673492903062)	(18.0, 0.02262086375847085)	(19.0, 0.03231551965495836)	(20.0, 0.08967556704250945)	(21.0, 0.13550275105190138)	(22.0, 0.19742208007858075)	(23.0, 0.23695179919467624)	(24.0, 0.2654594035032797)	(25.0, 0.38617282904974753)	(26.0, 0.4040566786176735)	(27.0, 0.6507123622017423)	(28.0, 0.9436003722642892)	(29.0, 1.18294093624502)	(30.0, 1.2737010436591185)	(31.0, 1.5650056389079439)	(32.0, 1.9712043174802518)	(33.0, 2.271681235804919)	(34.0, 2.58753811055211)	(35.0, 2.731325550873321)	(36.0, 2.5582299412187854)	(37.0, 3.066087202015267)	(38.0, 3.3614412361192407)	(39.0, 3.1898405482602485)	(40.0, 2.961876386672797)	(41.0, 2.910400825276217)	(42.0, 3.035687119769176)	(43.0, 2.991697194284073)	(44.0, 3.0508203685109856)	(45.0, 2.9204671195249)	(46.0, 2.898880587192303)	(47.0, 3.1191125071260686)	(48.0, 3.3602971812540425)	(49.0, 3.215928434035134)	(50.0, 3.093087582562774)	(51.0, 3.383180567225298)	(52.0, 3.3116838429758917)	(53.0, 3.495881791795462)	(54.0, 3.519735318325681)	(55.0, 3.1969943832834073)	(56.0, 3.071949047104122)	(57.0, 2.72960383948085)	(58.0, 2.3828665976598185)	(59.0, 2.2825839367408207)	(60.0, 1.7948012434125384)	(61.0, 1.4266313329522482)	(62.0, 1.3601324091588831)	(63.0, 1.1145041505341127)	(64.0, 0.875485048755357)	(65.0, 0.808958378115055)	(66.0, 0.6894451061480441)	(67.0, 0.5068652368808888)	(68.0, 0.41148302004753895)	(69.0, 0.2687844836791947)	(70.0, 0.15531550937613142)	(71.0, 0.14172663620103165)	(72.0, 0.11776908503865113)	(73.0, 0.04792769278696423)	(74.0, 0.055891160130507524)	(75.0, 0.03185386937417324)	(76.0, 0.019389311792975015)	(77.0, 0.009694655896487507)	(78.0, 0.014541983844731262)	(79.0, 0.0)	(80.0, 0.009694655896487507)	(81.0, 0.009694655896487507)	(82.0, 0.0)	(83.0, 0.009694655896487507)	(84.0, 0.009694655896487507)	(85.0, 0.0)	(86.0, 0.0)	(87.0, 0.0)	(88.0, 0.0)	(89.0, 0.0)	(90.0, 0.0)	(91.0, 0.0)	(92.0, 0.0)	(93.0, 0.0)	(94.0, 0.0)	(95.0, 0.0)	(96.0, 0.0)	(97.0, 0.0)	(98.0, 0.0)	(99.0, 0.0)	(100.0, 0.0)
minknow_barcode10	(0.0, 0.0)	(1.0, 0.0)	(2.0, 0.0)	(3.0, 0.0)	(4.0, 0.0)	(5.0, 0.00231046887422361)	(6.0, 0.008086641059782636)	(7.0, 0.008086641059782636)	(8.0, 0.005391094039855091)	(9.0, 0.0)	(10.0, 0.0)	(11.0, 0.012129961589673955)	(12.0, 0.01132129748369569)	(13.0, 0.006534659442248596)	(14.0, 0.017521055629529044)	(15.0, 0.020339127513998755)	(16.0, 0.019407938543478324)	(17.0, 0.026146806093297188)	(18.0, 0.025056334798871954)	(19.0, 0.0682165935114521)	(20.0, 0.11498433430719501)	(21.0, 0.0896461923198761)	(22.0, 0.1083351566853267)	(23.0, 0.18313584534692187)	(24.0, 0.18246427696053288)	(25.0, 0.22970411725559714)	(26.0, 0.31943038546845715)	(27.0, 0.38513567087565237)	(28.0, 0.5914955967379376)	(29.0, 0.7671432599658692)	(30.0, 0.8782263547661553)	(31.0, 1.0889040389607645)	(32.0, 1.3741322223737595)	(33.0, 1.5289551505429306)	(34.0, 1.7493412505271453)	(35.0, 2.113162327582375)	(36.0, 2.4087783105519938)	(37.0, 2.4505362600345286)	(38.0, 2.5099812822310206)	(39.0, 2.7489165925082304)	(40.0, 2.6843960591558265)	(41.0, 2.8672975292863874)	(42.0, 2.82947062938292)	(43.0, 3.0337593722288667)	(44.0, 3.10132704034879)	(45.0, 3.178050218743047)	(46.0, 3.3425189056531366)	(47.0, 3.5401819653024913)	(48.0, 3.412122418283177)	(49.0, 3.673874023683262)	(50.0, 3.6784744608293964)	(51.0, 3.6592782702290694)	(52.0, 3.5705285999777834)	(53.0, 3.666939429712884)	(54.0, 3.6935255364354407)	(55.0, 3.322306902165944)	(56.0, 3.003047736248483)	(57.0, 3.019974002123998)	(58.0, 2.700957263599761)	(59.0, 2.2892327406209825)	(60.0, 2.189272478524092)	(61.0, 2.056704109302044)	(62.0, 1.821552061745713)	(63.0, 1.506867553385862)	(64.0, 1.3789346707982122)	(65.0, 1.2053596209357933)	(66.0, 0.9814094025116351)	(67.0, 0.7338163433407431)	(68.0, 0.5300345027513792)	(69.0, 0.4399096962590568)	(70.0, 0.3256565737636305)	(71.0, 0.1773602963224348)	(72.0, 0.11552514400398911)	(73.0, 0.09205584798920524)	(74.0, 0.05731538127761524)	(75.0, 0.022636760450032236)	(76.0, 0.012900117881081826)	(77.0, 0.012129961589673955)	(78.0, 0.014948033474143661)	(79.0, 0.005391094039855091)	(80.0, 0.0)	(81.0, 0.0)	(82.0, 0.0)	(83.0, 0.0)	(84.0, 0.0)	(85.0, 0.0)	(86.0, 0.0)	(87.0, 0.0)	(88.0, 0.0)	(89.0, 0.0)	(90.0, 0.0)	(91.0, 0.0)	(92.0, 0.0)	(93.0, 0.0)	(94.0, 0.0)	(95.0, 0.0)	(96.0, 0.0)	(97.0, 0.0)	(98.0, 0.0)	(99.0, 0.0)	(100.0, 0.0)
minknow_barcode11	(0.0, 0.0)	(1.0, 0.0)	(2.0, 0.0)	(3.0, 0.0)	(4.0, 0.0)	(5.0, 0.001175606621256263)	(6.0, 0.001175606621256263)	(7.0, 0.0)	(8.0, 0.0)	(9.0, 0.0)	(10.0, 0.0)	(11.0, 0.0)	(12.0, 0.0009618599628460334)	(13.0, 0.0009618599628460334)	(14.0, 0.00201990592197667)	(15.0, 0.007053639727537577)	(16.0, 0.009499659955635285)	(17.0, 0.020775030126089982)	(18.0, 0.016340932035462052)	(19.0, 0.023886189077343162)	(20.0, 0.032951719227167026)	(21.0, 0.01741008425606845)	(22.0, 0.0456416023798494)	(23.0, 0.060215687123684726)	(24.0, 0.0985125107607888)	(25.0, 0.1272914060880967)	(26.0, 0.1617189013832867)	(27.0, 0.2411221345904584)	(28.0, 0.35417711188745477)	(29.0, 0.48035913648811646)	(30.0, 0.5982454582708763)	(31.0, 0.7749625688240124)	(32.0, 0.9045800422707618)	(33.0, 1.0776663642771849)	(34.0, 1.3472709598904578)	(35.0, 1.4568933554977703)	(36.0, 1.678682616485164)	(37.0, 1.8400446765702585)	(38.0, 2.0206169106011522)	(39.0, 1.9929646007795447)	(40.0, 1.9849839852203173)	(41.0, 2.104968003821532)	(42.0, 2.259536597044382)	(43.0, 2.290629427197124)	(44.0, 2.3098525240014594)	(45.0, 2.5380595403583937)	(46.0, 2.755978993719539)	(47.0, 2.8684968045869272)	(48.0, 3.168916375814738)	(49.0, 3.392841716497988)	(50.0, 3.6023686521998264)	(51.0, 3.7959049607418756)	(52.0, 3.909683518735321)	(53.0, 4.172667642770929)	(54.0, 4.133171565932106)	(55.0, 3.934527695921719)	(56.0, 3.6008066232130385)	(57.0, 3.436038978671685)	(58.0, 3.330255869595368)	(59.0, 3.1656173388112387)	(60.0, 3.2625958848688725)	(61.0, 3.1757197806794055)	(62.0, 3.0612878481664585)	(63.0, 2.6218114301403443)	(64.0, 2.196663439749448)	(65.0, 1.7636992634280595)	(66.0, 1.555735425825463)	(67.0, 1.1726013998292175)	(68.0, 0.8873450449029128)	(69.0, 0.6851521321301784)	(70.0, 0.42902052173184835)	(71.0, 0.31315149512554774)	(72.0, 0.2852406962386869)	(73.0, 0.15802147198320093)	(74.0, 0.08285611455602788)	(75.0, 0.06729669345871755)	(76.0, 0.05078277082411754)	(77.0, 0.04189358166748211)	(78.0, 0.01739897799459269)	(79.0, 0.012424024520094596)	(80.0, 0.0052902297956531836)	(81.0, 0.0)	(82.0, 0.0)	(83.0, 0.0)	(84.0, 0.0035268198637687883)	(85.0, 0.0)	(86.0, 0.0)	(87.0, 0.0)	(88.0, 0.0)	(89.0, 0.0)	(90.0, 0.0)	(91.0, 0.0)	(92.0, 0.0)	(93.0, 0.0)	(94.0, 0.0)	(95.0, 0.0)	(96.0, 0.0)	(97.0, 0.0)	(98.0, 0.0)	(99.0, 0.0)	(100.0, 0.0)
minknow_barcode12	(0.0, 0.0)	(1.0, 0.0)	(2.0, 0.0)	(3.0, 0.0)	(4.0, 0.0)	(5.0, 0.0)	(6.0, 0.0)	(7.0, 0.0)	(8.0, 0.0)	(9.0, 0.0)	(10.0, 0.0)	(11.0, 0.0)	(12.0, 0.0)	(13.0, 0.0)	(14.0, 0.0)	(15.0, 0.0)	(16.0, 0.0)	(17.0, 0.0)	(18.0, 0.0)	(19.0, 0.0)	(20.0, 0.0)	(21.0, 0.0)	(22.0, 0.0)	(23.0, 0.0)	(24.0, 0.09178274681835036)	(25.0, 0.0)	(26.0, 0.0)	(27.0, 0.0)	(28.0, 0.0)	(29.0, 0.08030990346605656)	(30.0, 0.03059424893945012)	(31.0, 0.0)	(32.0, 0.0)	(33.0, 0.007060211293719258)	(34.0, 0.28911565247780363)	(35.0, 0.25977298644951285)	(36.0, 0.0)	(37.0, 0.2119609174500885)	(38.0, 0.3283782719500979)	(39.0, 0.3212396138642262)	(40.0, 0.7138658085871694)	(41.0, 1.606198069321131)	(42.0, 3.5336357525064885)	(43.0, 5.675233178267997)	(44.0, 21.795621074000078)	(45.0, 37.263795208250244)	(46.0, 20.409423467507175)	(47.0, 2.0345175544734326)	(48.0, 1.6704459920939767)	(49.0, 1.284958455456905)	(50.0, 0.5782313049556073)	(51.0, 0.2401461991448423)	(52.0, 0.25240255375046344)	(53.0, 0.19988242640440745)	(54.0, 0.12849584554569052)	(55.0, 0.12849584554569052)	(56.0, 0.058407202520768406)	(57.0, 0.07938717327102225)	(58.0, 0.10788181661202231)	(59.0, 0.002286402945652856)	(60.0, 0.03059424893945012)	(61.0, 0.06118849787890024)	(62.0, 0.12849584554569052)	(63.0, 0.10707987128807542)	(64.0, 0.0)	(65.0, 0.12849584554569052)	(66.0, 0.0)	(67.0, 0.0)	(68.0, 0.0)	(69.0, 0.1606198069321131)	(70.0, 0.0)	(71.0, 0.0)	(72.0, 0.0)	(73.0, 0.0)	(74.0, 0.0)	(75.0, 0.0)	(76.0, 0.0)	(77.0, 0.0)	(78.0, 0.0)	(79.0, 0.0)	(80.0, 0.0)	(81.0, 0.0)	(82.0, 0.0)	(83.0, 0.0)	(84.0, 0.0)	(85.0, 0.0)	(86.0, 0.0)	(87.0, 0.0)	(88.0, 0.0)	(89.0, 0.0)	(90.0, 0.0)	(91.0, 0.0)	(92.0, 0.0)	(93.0, 0.0)	(94.0, 0.0)	(95.0, 0.0)	(96.0, 0.0)	(97.0, 0.0)	(98.0, 0.0)	(99.0, 0.0)	(100.0, 0.0)
minknow_barcode13	(0.0, 0.0)	(1.0, 0.0)	(2.0, 0.0)	(3.0, 0.0)	(4.0, 0.0)	(5.0, 0.0)	(6.0, 0.0)	(7.0, 0.0)	(8.0, 0.0)	(9.0, 0.0)	(10.0, 0.0)	(11.0, 0.0)	(12.0, 0.0)	(13.0, 0.0)	(14.0, 0.0)	(15.0, 0.0)	(16.0, 0.0)	(17.0, 0.0)	(18.0, 0.0)	(19.0, 0.0)	(20.0, 0.0)	(21.0, 0.0)	(22.0, 0.0)	(23.0, 0.0)	(24.0, 4.847173927579101)	(25.0, 0.0)	(26.0, 0.0)	(27.0, 0.0)	(28.0, 0.0)	(29.0, 0.0)	(30.0, 6.563619067301916)	(31.0, 5.640347843001136)	(32.0, 0.0)	(33.0, 2.0868748817974145)	(34.0, 2.1542995233684894)	(35.0, 2.1542995233684894)	(36.0, 4.847173927579101)	(37.0, 7.402956543938992)	(38.0, 8.871797128053872)	(39.0, 0.6254417971069808)	(40.0, 6.442050510201904)	(41.0, 0.21306259022325721)	(42.0, 0.23936661370760992)	(43.0, 0.0)	(44.0, 0.0)	(45.0, 5.80058499763185)	(46.0, 9.648184293943164)	(47.0, 1.005612301230832)	(48.0, 0.6254417971069808)	(49.0, 0.0)	(50.0, 0.0)	(51.0, 0.6254417971069808)	(52.0, 2.6858799252386363)	(53.0, 4.801010366364062)	(54.0, 0.16008761583627537)	(55.0, 0.9232712243007812)	(56.0, 0.0)	(57.0, 3.346858188090332)	(58.0, 4.708683243933985)	(59.0, 6.001262957955078)	(60.0, 1.9388695710316408)	(61.0, 0.0)	(62.0, 1.7626087009378553)	(63.0, 0.0)	(64.0, 3.8777391420632816)	(65.0, 0.0)	(66.0, 0.0)	(67.0, 0.0)	(68.0, 0.0)	(69.0, 0.0)	(70.0, 0.0)	(71.0, 0.0)	(72.0, 0.0)	(73.0, 0.0)	(74.0, 0.0)	(75.0, 0.0)	(76.0, 0.0)	(77.0, 0.0)	(78.0, 0.0)	(79.0, 0.0)	(80.0, 0.0)	(81.0, 0.0)	(82.0, 0.0)	(83.0, 0.0)	(84.0, 0.0)	(85.0, 0.0)	(86.0, 0.0)	(87.0, 0.0)	(88.0, 0.0)	(89.0, 0.0)	(90.0, 0.0)	(91.0, 0.0)	(92.0, 0.0)	(93.0, 0.0)	(94.0, 0.0)	(95.0, 0.0)	(96.0, 0.0)	(97.0, 0.0)	(98.0, 0.0)	(99.0, 0.0)	(100.0, 0.0)
minknow_barcode14	(0.0, 0.0)	(1.0, 0.0)	(2.0, 0.0)	(3.0, 0.0)	(4.0, 0.0)	(5.0, 0.0)	(6.0, 0.0)	(7.0, 0.0)	(8.0, 0.0)	(9.0, 0.0)	(10.0, 0.0)	(11.0, 0.0)	(12.0, 0.031013138242341934)	(13.0, 0.031013138242341934)	(14.0, 0.0)	(15.0, 0.0)	(16.0, 0.06202627648468387)	(17.0, 0.06202627648468387)	(18.0, 0.0)	(19.0, 0.0)	(20.0, 0.0)	(21.0, 0.13022128647768055)	(22.0, 0.11988357373023326)	(23.0, 0.24166081747279428)	(24.0, 0.5547458321097699)	(25.0, 0.523732693867428)	(26.0, 0.27090177638700236)	(27.0, 0.5603040309116443)	(28.0, 1.007882240872877)	(29.0, 1.269692779426086)	(30.0, 1.3303383249874092)	(31.0, 1.8909297632087225)	(32.0, 2.220443976080173)	(33.0, 1.837011991826297)	(34.0, 2.1780841131249877)	(35.0, 2.4724710218815917)	(36.0, 2.975801680765177)	(37.0, 3.8188335054089597)	(38.0, 3.760861452617569)	(39.0, 3.327625337603693)	(40.0, 2.8761819852417863)	(41.0, 3.25535979766209)	(42.0, 3.3600053844836006)	(43.0, 3.0213459664501277)	(44.0, 2.3922986880561194)	(45.0, 2.6455961540160864)	(46.0, 2.867725678699163)	(47.0, 3.4086322242212357)	(48.0, 3.5541868708738376)	(49.0, 3.3512359232902593)	(50.0, 2.7480312787930137)	(51.0, 2.1602639990230528)	(52.0, 2.2925655012909227)	(53.0, 2.843520102621302)	(54.0, 3.206038007749956)	(55.0, 3.048591512758596)	(56.0, 2.5484543475221546)	(57.0, 2.7736913235615726)	(58.0, 3.0272337270667427)	(59.0, 1.7515438924329072)	(60.0, 1.5727736316068337)	(61.0, 1.7718371149716325)	(62.0, 1.415512198202364)	(63.0, 1.2278321600059459)	(64.0, 1.3490312367389619)	(65.0, 1.2579743357552777)	(66.0, 1.2125480083645863)	(67.0, 0.6487796074764329)	(68.0, 0.48955300472571256)	(69.0, 0.2759766535539311)	(70.0, 0.2954706261634032)	(71.0, 0.3259476065347212)	(72.0, 0.15477032799035403)	(73.0, 0.06793354091179662)	(74.0, 0.0)	(75.0, 0.0)	(76.0, 0.0)	(77.0, 0.0)	(78.0, 0.0)	(79.0, 0.0)	(80.0, 0.0)	(81.0, 0.06202627648468387)	(82.0, 0.06202627648468387)	(83.0, 0.0)	(84.0, 0.0)	(85.0, 0.0)	(86.0, 0.0)	(87.0, 0.0)	(88.0, 0.0)	(89.0, 0.0)	(90.0, 0.0)	(91.0, 0.0)	(92.0, 0.0)	(93.0, 0.0)	(94.0, 0.0)	(95.0, 0.0)	(96.0, 0.0)	(97.0, 0.0)	(98.0, 0.0)	(99.0, 0.0)	(100.0, 0.0)
minknow_barcode15	(0.0, 0.0)	(1.0, 0.0)	(2.0, 0.0)	(3.0, 0.0)	(4.0, 0.0)	(5.0, 0.0)	(6.0, 0.0)	(7.0, 0.0)	(8.0, 0.0)	(9.0, 0.0)	(10.0, 0.01690001409846709)	(11.0, 0.014979557950914012)	(12.0, 0.014979557950914012)	(13.0, 0.026096255536464122)	(14.0, 0.017597068552023393)	(15.0, 0.0295750246723174)	(16.0, 0.025350021147700637)	(17.0, 0.03802503172155096)	(18.0, 0.041203843897215)	(19.0, 0.023731350966191618)	(20.0, 0.06260787413295556)	(21.0, 0.15075955481442405)	(22.0, 0.22854634709743923)	(23.0, 0.2938577391154591)	(24.0, 0.34512387627260865)	(25.0, 0.35631454269872637)	(26.0, 0.4947586976925446)	(27.0, 0.8262834934532965)	(28.0, 1.065949272555414)	(29.0, 1.131563596239703)	(30.0, 1.4352599835991509)	(31.0, 1.671101734531675)	(32.0, 1.7188174123840507)	(33.0, 2.0763656251612495)	(34.0, 2.5324198952560346)	(35.0, 2.535425856156566)	(36.0, 2.5382530914617547)	(37.0, 2.8416120719593096)	(38.0, 3.0010125669630945)	(39.0, 2.963235175566745)	(40.0, 3.0258884422934216)	(41.0, 3.053201664359596)	(42.0, 2.919057256495381)	(43.0, 2.6932392970744132)	(44.0, 2.7237649622794824)	(45.0, 2.8142356195645686)	(46.0, 2.7299804282981217)	(47.0, 2.659912943068146)	(48.0, 2.8804502590667935)	(49.0, 2.8257511626314966)	(50.0, 2.926331179998008)	(51.0, 3.2392332892586753)	(52.0, 3.2179020941509697)	(53.0, 3.225538752934138)	(54.0, 3.1755944280125203)	(55.0, 2.885485889566106)	(56.0, 2.767744098631877)	(57.0, 2.711695775641376)	(58.0, 2.452620389625524)	(59.0, 2.1865689417096594)	(60.0, 2.0505991223657722)	(61.0, 1.9959055943471704)	(62.0, 1.8188878166516973)	(63.0, 1.6546247537460794)	(64.0, 1.491362007428869)	(65.0, 1.434424561499726)	(66.0, 1.0793049561408865)	(67.0, 0.5955049300844617)	(68.0, 0.5527003067109573)	(69.0, 0.4878505995335463)	(70.0, 0.3995719162050799)	(71.0, 0.2512309885795904)	(72.0, 0.1168734741225159)	(73.0, 0.1063750697356902)	(74.0, 0.1176663481605771)	(75.0, 0.07729835993901141)	(76.0, 0.01388215443802654)	(77.0, 0.046475038770784495)	(78.0, 0.03802503172155096)	(79.0, 0.02112501762308386)	(80.0, 0.008450007049233545)	(81.0, 0.0)	(82.0, 0.0)	(83.0, 0.006337505286925159)	(84.0, 0.0)	(85.0, 0.0)	(86.0, 0.0)	(87.0, 0.0)	(88.0, 0.003621431592528662)	(89.0, 0.0)	(90.0, 0.0)	(91.0, 0.0)	(92.0, 0.0)	(93.0, 0.0)	(94.0, 0.0)	(95.0, 0.0)	(96.0, 0.0)	(97.0, 0.0)	(98.0, 0.0)	(99.0, 0.0)	(100.0, 0.0)
minknow_barcode16	(0.0, 0.0)	(1.0, 0.0)	(2.0, 0.0)	(3.0, 0.0)	(4.0, 0.0)	(5.0, 0.0)	(6.0, 0.0)	(7.0, 0.0)	(8.0, 0.0)	(9.0, 0.0)	(10.0, 0.0)	(11.0, 0.0)	(12.0, 0.0)	(13.0, 0.0)	(14.0, 0.0)	(15.0, 0.0)	(16.0, 0.0)	(17.0, 0.0)	(18.0, 0.0)	(19.0, 0.0)	(20.0, 0.0)	(21.0, 0.0)	(22.0, 0.0)	(23.0, 0.0)	(24.0, 0.0)	(25.0, 0.0)	(26.0, 0.0)	(27.0, 0.0)	(28.0, 0.0)	(29.0, 0.0)	(30.0, 2.4920920883939885)	(31.0, 0.0)	(32.0, 0.0)	(33.0, 0.0)	(34.0, 2.4920920883939885)	(35.0, 0.0)	(36.0, 6.803009450978751)	(37.0, 5.453126236432007)	(38.0, 0.0)	(39.0, 0.0)	(40.0, 0.8842907410430281)	(41.0, 0.0)	(42.0, 0.0)	(43.0, 2.6107631402222733)	(44.0, 0.0)	(45.0, 3.4266266215417343)	(46.0, 12.335855837550243)	(47.0, 1.3053815701111366)	(48.0, 0.0)	(49.0, 0.0)	(50.0, 0.0)	(51.0, 1.3053815701111366)	(52.0, 1.3053815701111366)	(53.0, 3.625592038276416)	(54.0, 5.233393385627376)	(55.0, 2.5749108587031544)	(56.0, 9.137670990777957)	(57.0, 12.564297612319692)	(58.0, 0.0)	(59.0, 10.737895532418722)	(60.0, 12.335855837550243)	(61.0, 0.8842907410430281)	(62.0, 2.4920920883939885)	(63.0, 0.0)	(64.0, 0.0)	(65.0, 0.0)	(66.0, 0.0)	(67.0, 0.0)	(68.0, 0.0)	(69.0, 0.0)	(70.0, 0.0)	(71.0, 0.0)	(72.0, 0.0)	(73.0, 0.0)	(74.0, 0.0)	(75.0, 0.0)	(76.0, 0.0)	(77.0, 0.0)	(78.0, 0.0)	(79.0, 0.0)	(80.0, 0.0)	(81.0, 0.0)	(82.0, 0.0)	(83.0, 0.0)	(84.0, 0.0)	(85.0, 0.0)	(86.0, 0.0)	(87.0, 0.0)	(88.0, 0.0)	(89.0, 0.0)	(90.0, 0.0)	(91.0, 0.0)	(92.0, 0.0)	(93.0, 0.0)	(94.0, 0.0)	(95.0, 0.0)	(96.0, 0.0)	(97.0, 0.0)	(98.0, 0.0)	(99.0, 0.0)	(100.0, 0.0)
minknow_barcode17	(0.0, 0.0005931234008460443)	(1.0, 0.000490674813427182)	(2.0, 0.0008764065952263365)	(3.0, 0.0010042783564537653)	(4.0, 0.0014606608611064586)	(5.0, 0.002514139399975348)	(6.0, 0.004089075987363156)	(7.0, 0.007222339853760048)	(8.0, 0.010455349518889956)	(9.0, 0.016436396822315263)	(10.0, 0.023827997733810346)	(11.0, 0.04060259751711783)	(12.0, 0.06235769016785469)	(13.0, 0.08946688268943684)	(14.0, 0.12519486318624684)	(15.0, 0.17108747569989174)	(16.0, 0.23153802995542822)	(17.0, 0.3058641291013635)	(18.0, 0.3881180315718365)	(19.0, 0.4779415807103015)	(20.0, 0.5820021858772834)	(21.0, 0.7234757251184528)	(22.0, 0.8760661280975188)	(23.0, 1.045326802641271)	(24.0, 1.229300223186935)	(25.0, 1.4318456993038489)	(26.0, 1.651115833493709)	(27.0, 1.8789065821899578)	(28.0, 2.0996577924878386)	(29.0, 2.3850007167857545)	(30.0, 2.6532838733133057)	(31.0, 2.9279132375787698)	(32.0, 3.2262409296045464)	(33.0, 3.4815171198134163)	(34.0, 3.666092625082191)	(35.0, 3.7872440063615924)	(36.0, 3.8376437438247457)	(37.0, 3.8209210137384972)	(38.0, 3.7007321218316966)	(39.0, 3.5494524599674113)	(40.0, 3.3618435218873173)	(41.0, 3.1775859205854906)	(42.0, 3.0325377424195903)	(43.0, 2.83414372981507)	(44.0, 2.632590924464783)	(45.0, 2.4745502558536407)	(46.0, 2.3599360517888854)	(47.0, 2.297463996485463)	(48.0, 2.223786418190557)	(49.0, 2.145388566432063)	(50.0, 2.084773234710617)	(51.0, 1.9760376018597898)	(52.0, 1.8655552082230527)	(53.0, 1.7760729541925289)	(54.0, 1.6541295141367156)	(55.0, 1.5464455187340524)	(56.0, 1.4234735949562116)	(57.0, 1.3156651335844705)	(58.0, 1.2109526909279367)	(59.0, 1.1127910955147124)	(60.0, 1.0074197117828432)	(61.0, 0.8994316448200933)	(62.0, 0.7842499198652639)	(63.0, 0.6949175977934299)	(64.0, 0.6069058714156731)	(65.0, 0.5261783044378606)	(66.0, 0.45687622175049086)	(67.0, 0.39382600134354817)	(68.0, 0.32397577744860157)	(69.0, 0.2738243048312292)	(70.0, 0.2279378883978779)	(71.0, 0.17642810879586537)	(72.0, 0.14398151533900125)	(73.0, 0.11461406298126912)	(74.0, 0.08962333306351224)	(75.0, 0.06748738930437581)	(76.0, 0.04752955197628851)	(77.0, 0.03707180156525608)	(78.0, 0.027555187763971905)	(79.0, 0.01875639791288028)	(80.0, 0.01468890847236296)	(81.0, 0.012070993474244673)	(82.0, 0.009555846218023193)	(83.0, 0.00600820902925843)	(84.0, 0.0041614888330728265)	(85.0, 0.003495119479539467)	(86.0, 0.0035987035308098127)	(87.0, 0.0023662717166389306)	(88.0, 0.0014517665297343833)	(89.0, 0.0008231665890246502)	(90.0, 0.0003104197238072755)	(91.0, 0.0002017728204747291)	(92.0, 0.0005320641099348189)	(93.0, 0.00046562958571091327)	(94.0, 0.0002793777514265479)	(95.0, 0.0001940123273795472)	(96.0, 7.760493095181887e-05)	(97.0, 5.820369821386416e-05)	(98.0, 0.000135808629165683)	(99.0, 0.00011640739642772832)	(100.0, 0.00021341356011750188)
minknow_barcode18	(0.0, 0.0008705285249944714)	(1.0, 0.0008589214779945451)	(2.0, 0.00104437043347064)	(3.0, 0.0017671729057387772)	(4.0, 0.002376015280189456)	(5.0, 0.0028170830661866544)	(6.0, 0.005423179161149542)	(7.0, 0.007081705584742904)	(8.0, 0.00947886227196794)	(9.0, 0.014594492372836977)	(10.0, 0.02102042492556241)	(11.0, 0.028833010180864517)	(12.0, 0.04174827438394371)	(13.0, 0.05850137844833112)	(14.0, 0.09048102649139736)	(15.0, 0.125119230883535)	(16.0, 0.1608523764543163)	(17.0, 0.21191214402244826)	(18.0, 0.27768598598906274)	(19.0, 0.3563798772078358)	(20.0, 0.44886347480718863)	(21.0, 0.5549647100857473)	(22.0, 0.6881889235384496)	(23.0, 0.8403165248323035)	(24.0, 0.986835432185907)	(25.0, 1.154536810717944)	(26.0, 1.3516349074103733)	(27.0, 1.5750079838259818)	(28.0, 1.8179088411702502)	(29.0, 2.103562887232845)	(30.0, 2.3522315214932297)	(31.0, 2.6273506041807906)	(32.0, 2.914263615548865)	(33.0, 3.2077411850803816)	(34.0, 3.4276580123530285)	(35.0, 3.6178317636989457)	(36.0, 3.7425523631986493)	(37.0, 3.8530958969013636)	(38.0, 3.8514264072715942)	(39.0, 3.8052602563879074)	(40.0, 3.682470542619593)	(41.0, 3.54282960403308)	(42.0, 3.4636284874013517)	(43.0, 3.1674735556811022)	(44.0, 2.9483790159527343)	(45.0, 2.8117122364127716)	(46.0, 2.7019590923479053)	(47.0, 2.638687951629841)	(48.0, 2.54280978250498)	(49.0, 2.4319585169742406)	(50.0, 2.262030138280821)	(51.0, 2.048674047123261)	(52.0, 1.9013500954627043)	(53.0, 1.7878314921299165)	(54.0, 1.6543477680641123)	(55.0, 1.546879923120469)	(56.0, 1.451900970016941)	(57.0, 1.3348812383067432)	(58.0, 1.2272999665242919)	(59.0, 1.1100465578448004)	(60.0, 0.9906656539215165)	(61.0, 0.8918355763939879)	(62.0, 0.7977098449001944)	(63.0, 0.7017525145931125)	(64.0, 0.6375871897691681)	(65.0, 0.5638951906009663)	(66.0, 0.48500904642609877)	(67.0, 0.4141956683548217)	(68.0, 0.34497831070800794)	(69.0, 0.2978144980378984)	(70.0, 0.25272272195965495)	(71.0, 0.19760213251902473)	(72.0, 0.16168181437175305)	(73.0, 0.14346594069582344)	(74.0, 0.11015221168172976)	(75.0, 0.08997453022732632)	(76.0, 0.07094004857464095)	(77.0, 0.058361392301019666)	(78.0, 0.042803683106048956)	(79.0, 0.02861775221832043)	(80.0, 0.02628612121948465)	(81.0, 0.022070021042530856)	(82.0, 0.013926559577295756)	(83.0, 0.012221843638747055)	(84.0, 0.01135446811028611)	(85.0, 0.007306636086453598)	(86.0, 0.004410677859971988)	(87.0, 0.0038535396039755276)	(88.0, 0.00367280130069096)	(89.0, 0.0036542852971434584)	(90.0, 0.0025478975573539485)	(91.0, 0.0012151598393266984)	(92.0, 0.0014922089968844624)	(93.0, 0.0014948469621117184)	(94.0, 0.0007016987504500891)	(95.0, 0.0005319896541632881)	(96.0, 0.0005900248891629195)	(97.0, 0.0008511834466612609)	(98.0, 0.0005223171149966829)	(99.0, 0.0006352220267232384)	(100.0, 0.001665611244489422)
minknow_barcode19	(0.0, 0.0)	(1.0, 0.0)	(2.0, 0.0)	(3.0, 0.0)	(4.0, 0.0)	(5.0, 0.0)	(6.0, 0.0)	(7.0, 0.0)	(8.0, 0.0)	(9.0, 0.0)	(10.0, 0.0)	(11.0, 0.0)	(12.0, 0.0)	(13.0, 0.0)	(14.0, 0.0)	(15.0, 0.0)	(16.0, 0.0)	(17.0, 0.0)	(18.0, 0.0)	(19.0, 0.0)	(20.0, 0.3786426318348003)	(21.0, 0.9466065795870007)	(22.0, 0.7951495268530805)	(23.0, 0.2271855791008802)	(24.0, 0.0)	(25.0, 0.18932131591740015)	(26.0, 0.2271855791008802)	(27.0, 0.0)	(28.0, 0.6220557523000292)	(29.0, 0.8113770682174292)	(30.0, 0.1135927895504401)	(31.0, 0.7099549346902505)	(32.0, 0.9466065795870007)	(33.0, 0.4063481902617368)	(34.0, 0.6989356784977189)	(35.0, 0.9213637374646807)	(36.0, 0.4327344363826289)	(37.0, 1.1548600270961409)	(38.0, 1.0006983841348294)	(39.0, 0.6829090324163363)	(40.0, 0.1032661723185819)	(41.0, 1.0877370150890626)	(42.0, 1.8071580155751832)	(43.0, 2.2718557910088015)	(44.0, 2.839819738761002)	(45.0, 4.165068950182802)	(46.0, 13.225446211944094)	(47.0, 24.42244975334462)	(48.0, 22.269859119098122)	(49.0, 9.692029947126258)	(50.0, 1.505104461543331)	(51.0, 0.7090943832542624)	(52.0, 0.5409180454782861)	(53.0, 0.03664283533885164)	(54.0, 0.6712301200707823)	(55.0, 0.8230740054080615)	(56.0, 0.5204094415080132)	(57.0, 0.44625738751958605)	(58.0, 0.30625506986638257)	(59.0, 0.11032162508568996)	(60.0, 0.0)	(61.0, 0.0)	(62.0, 0.0)	(63.0, 0.02227309599028237)	(64.0, 0.0)	(65.0, 0.02227309599028237)	(66.0, 0.0)	(67.0, 0.5679639477522004)	(68.0, 0.5679639477522004)	(69.0, 0.0)	(70.0, 0.0)	(71.0, 0.0)	(72.0, 0.0)	(73.0, 0.0)	(74.0, 0.0)	(75.0, 0.0)	(76.0, 0.0)	(77.0, 0.0)	(78.0, 0.0)	(79.0, 0.0)	(80.0, 0.0)	(81.0, 0.0)	(82.0, 0.0)	(83.0, 0.0)	(84.0, 0.0)	(85.0, 0.0)	(86.0, 0.0)	(87.0, 0.0)	(88.0, 0.0)	(89.0, 0.0)	(90.0, 0.0)	(91.0, 0.0)	(92.0, 0.0)	(93.0, 0.0)	(94.0, 0.0)	(95.0, 0.0)	(96.0, 0.0)	(97.0, 0.0)	(98.0, 0.0)	(99.0, 0.0)	(100.0, 0.0)
minknow_barcode20	(0.0, 0.0)	(1.0, 0.0)	(2.0, 0.0)	(3.0, 0.0)	(4.0, 0.0)	(5.0, 0.0)	(6.0, 0.0)	(7.0, 0.0)	(8.0, 0.0)	(9.0, 0.0)	(10.0, 0.0)	(11.0, 0.0)	(12.0, 0.0)	(13.0, 0.0)	(14.0, 0.0)	(15.0, 0.0)	(16.0, 0.0)	(17.0, 0.0)	(18.0, 0.0)	(19.0, 0.0)	(20.0, 0.0)	(21.0, 0.0)	(22.0, 0.0)	(23.0, 0.0)	(24.0, 0.00047230410963375834)	(25.0, 0.0012594776256900223)	(26.0, 0.0011020429224787695)	(27.0, 0.0029440289500504272)	(28.0, 0.005575096793111213)	(29.0, 0.0055173707352670865)	(30.0, 0.00848011291839061)	(31.0, 0.014547969451599477)	(32.0, 0.016194520330868475)	(33.0, 0.02004746930807135)	(34.0, 0.030997058137734085)	(35.0, 0.03830253429704993)	(36.0, 0.055337125219753994)	(37.0, 0.08866424269227995)	(38.0, 0.11311369835082909)	(39.0, 0.14267593561630576)	(40.0, 0.17820551282659117)	(41.0, 0.2274702953276088)	(42.0, 0.29226799981665386)	(43.0, 0.35786762897191304)	(44.0, 0.44362280565639095)	(45.0, 0.570324786619715)	(46.0, 0.7336814962856046)	(47.0, 0.9693736259812293)	(48.0, 1.2367232415396)	(49.0, 1.5827119860473995)	(50.0, 1.974293395197652)	(51.0, 2.4933769151212894)	(52.0, 3.1160459987803018)	(53.0, 3.89486045074317)	(54.0, 4.909534115784687)	(55.0, 6.150380898560687)	(56.0, 7.671936184984185)	(57.0, 9.259439541764007)	(58.0, 10.170841854303449)	(59.0, 10.104840710985382)	(60.0, 9.011027356716687)	(61.0, 7.455857622840132)	(62.0, 5.66607726308496)	(63.0, 3.943753720871685)	(64.0, 2.634615280409914)	(65.0, 1.7106391515958668)	(66.0, 1.0786044904833914)	(67.0, 0.6616367094387561)	(68.0, 0.39085564258564964)	(69.0, 0.23708666957971936)	(70.0, 0.1377215354986569)	(71.0, 0.08251385957239506)	(72.0, 0.048644123399935436)	(73.0, 0.02438711260228127)	(74.0, 0.01433483864869161)	(75.0, 0.00763558310574576)	(76.0, 0.004651479867605196)	(77.0, 0.0031486940642250555)	(78.0, 0.002361520548168792)	(79.0, 0.0009446082192675167)	(80.0, 0.00047230410963375834)	(81.0, 0.0)	(82.0, 0.0)	(83.0, 0.0)	(84.0, 0.0)	(85.0, 0.0)	(86.0, 0.0)	(87.0, 0.0)	(88.0, 0.0)	(89.0, 0.0)	(90.0, 0.0)	(91.0, 0.0)	(92.0, 0.0)	(93.0, 0.0)	(94.0, 0.0)	(95.0, 0.0)	(96.0, 0.0)	(97.0, 0.0)	(98.0, 0.0)	(99.0, 0.0)	(100.0, 0.0)
minknow_unclassified	(0.0, 0.0002637104569211895)	(1.0, 0.00014036201739353631)	(2.0, 0.0)	(3.0, 5.02305632230837e-05)	(4.0, 0.0001539452602416554)	(5.0, 0.00012276996560490441)	(6.0, 0.00026717332150702326)	(7.0, 0.0003423288990567129)	(8.0, 0.00040165423849973373)	(9.0, 0.0005315306871969948)	(10.0, 0.000837861015943831)	(11.0, 0.0009051395278971734)	(12.0, 0.0009994940026299948)	(13.0, 0.0025235313912526547)	(14.0, 0.003347859500599004)	(15.0, 0.004982894809277026)	(16.0, 0.008444960109689306)	(17.0, 0.012689706204983041)	(18.0, 0.022250578801425797)	(19.0, 0.03568687907719208)	(20.0, 0.057190640227199094)	(21.0, 0.08688004916676012)	(22.0, 0.12606801362628814)	(23.0, 0.1824687155808979)	(24.0, 0.2542318694706249)	(25.0, 0.3475549987172105)	(26.0, 0.4631818486698813)	(27.0, 0.6021237610405047)	(28.0, 0.7614511688451282)	(29.0, 0.9597083784861815)	(30.0, 1.1882051112012686)	(31.0, 1.4452743108349067)	(32.0, 1.747571023381041)	(33.0, 2.078293597451607)	(34.0, 2.4189011753333935)	(35.0, 2.7252971635888157)	(36.0, 3.0175749305932844)	(37.0, 3.2032579579376073)	(38.0, 3.31957521671356)	(39.0, 3.3731283762543076)	(40.0, 3.2910790070240705)	(41.0, 3.172064600961814)	(42.0, 3.039233718410462)	(43.0, 2.8768202010710233)	(44.0, 2.7629297424546615)	(45.0, 2.6961954953185883)	(46.0, 2.7620962928333377)	(47.0, 2.868909233835752)	(48.0, 2.9812320159480197)	(49.0, 3.09016377682507)	(50.0, 3.22140493885849)	(51.0, 3.3787939043288895)	(52.0, 3.5477651513232953)	(53.0, 3.7148913145330744)	(54.0, 3.8238293833124306)	(55.0, 3.8746266534636384)	(56.0, 3.880416952414165)	(57.0, 3.7256215613453763)	(58.0, 3.364797914434594)	(59.0, 2.756433819798891)	(60.0, 2.065587015005019)	(61.0, 1.4481860672755456)	(62.0, 0.9914856480404457)	(63.0, 0.6840944675469991)	(64.0, 0.47379145356011393)	(65.0, 0.3399872196833047)	(66.0, 0.2379294196149733)	(67.0, 0.15733513255217102)	(68.0, 0.10714956426971554)	(69.0, 0.07120691571168498)	(70.0, 0.04677818743944703)	(71.0, 0.03154309592311505)	(72.0, 0.021171084878290995)	(73.0, 0.012792950210003767)	(74.0, 0.008495839264587827)	(75.0, 0.005484419338098814)	(76.0, 0.0035367377659077134)	(77.0, 0.0019112290464097124)	(78.0, 0.0018966413764267625)	(79.0, 0.0016330070264195474)	(80.0, 0.0008254374903706127)	(81.0, 0.0008916400640309697)	(82.0, 0.00035226085133036804)	(83.0, 0.0004484219371369836)	(84.0, 0.00043963158857294397)	(85.0, 0.00022646563589498255)	(86.0, 0.0003673109935687996)	(87.0, 0.0006373002708928746)	(88.0, 0.00043512225391996256)	(89.0, 0.00011866970561453526)	(90.0, 0.00048786434530420045)	(91.0, 0.00019778284269089208)	(92.0, 0.0)	(93.0, 0.00013185522846059474)	(94.0, 0.00019350182877983383)	(95.0, 6.404396810943171e-05)	(96.0, 0.0)	(97.0, 0.0)	(98.0, 0.0)	(99.0, 0.0)	(100.0, 0.0)
