Sample	0	1	2	3	4	5	6	7	8	9	10	11	12	13	14	15	16	17	18	19	20	21	22	23	24	25	26	27	28	29	30	31	32	33	34	35	36	37	38	39	40	41	42	43	44	45	46	47	48	49	50	51	52	53	54	55	56	57	58	59	60	61	62	63	64	65	66	67	68	69	70	71	72	73	74	75	76	77	78	79	80	81	82	83	84	85	86	87	88	89	90	91	92	93	94	95	96	97	98	99	100
dorado_barcode01	(0.0, 0.09141355507955433)	(1.0, 0.09141355507955433)	(2.0, 0.09141355507955433)	(3.0, 0.045706777539777164)	(4.0, 0.0)	(5.0, 0.0)	(6.0, 0.045706777539777164)	(7.0, 0.09141355507955433)	(8.0, 0.1371203326193315)	(9.0, 0.18282711015910866)	(10.0, 0.18282711015910866)	(11.0, 0.18282711015910866)	(12.0, 0.18282711015910866)	(13.0, 0.18282711015910866)	(14.0, 0.19113743334815905)	(15.0, 0.18282711015910866)	(16.0, 0.1371203326193315)	(17.0, 0.2353899043298524)	(18.0, 0.39699601063120743)	(19.0, 0.3892001360205268)	(20.0, 0.274240665238663)	(21.0, 0.41440811636064623)	(22.0, 0.4707798086597049)	(23.0, 0.32821819299992366)	(24.0, 0.46694321952355045)	(25.0, 0.5246689355176103)	(26.0, 0.6296335725152035)	(27.0, 0.7135434759461907)	(28.0, 0.9886554793040583)	(29.0, 1.1650194472854525)	(30.0, 1.5761225253035895)	(31.0, 2.232927495810548)	(32.0, 2.264415551965072)	(33.0, 2.5734669362286096)	(34.0, 2.5027497466425874)	(35.0, 2.5795979260079887)	(36.0, 2.9635905849336797)	(37.0, 2.7570113202313022)	(38.0, 2.9212170635711177)	(39.0, 2.789876209620832)	(40.0, 3.2536230843456533)	(41.0, 3.489101900325779)	(42.0, 3.003817012955554)	(43.0, 2.700637185333628)	(44.0, 2.52993216702755)	(45.0, 2.901943194078229)	(46.0, 2.659943625990301)	(47.0, 2.6978617499401416)	(48.0, 2.930771772272144)	(49.0, 2.65121351921037)	(50.0, 2.305684093092024)	(51.0, 2.3669729019667543)	(52.0, 2.4529594412559454)	(53.0, 2.6548074231504657)	(54.0, 2.942250061894978)	(55.0, 2.8002592258791625)	(56.0, 2.236824035295216)	(57.0, 2.20729937430721)	(58.0, 2.596491042548909)	(59.0, 2.319010809396422)	(60.0, 2.101423399840041)	(61.0, 1.7819478528057022)	(62.0, 1.6314463305590214)	(63.0, 1.0440624991017888)	(64.0, 0.7626591710881997)	(65.0, 0.765591800842847)	(66.0, 0.6991306810711944)	(67.0, 0.6162819537137837)	(68.0, 0.27805870626617235)	(69.0, 0.27833774392917865)	(70.0, 0.20022006767843456)	(71.0, 0.24127638325542972)	(72.0, 0.3130356861748641)	(73.0, 0.2315810062015376)	(74.0, 0.11404929252782493)	(75.0, 0.09141355507955433)	(76.0, 0.10157061675506038)	(77.0, 0.09141355507955433)	(78.0, 0.09141355507955433)	(79.0, 0.09141355507955433)	(80.0, 0.09141355507955433)	(81.0, 0.09141355507955433)	(82.0, 0.09141355507955433)	(83.0, 0.09141355507955433)	(84.0, 0.09141355507955433)	(85.0, 0.09141355507955433)	(86.0, 0.045706777539777164)	(87.0, 0.0)	(88.0, 0.0)	(89.0, 0.0)	(90.0, 0.0)	(91.0, 0.0)	(92.0, 0.0)	(93.0, 0.0)	(94.0, 0.0)	(95.0, 0.0)	(96.0, 0.0)	(97.0, 0.0)	(98.0, 0.0)	(99.0, 0.0)	(100.0, 0.0)
dorado_barcode02	(0.0, 0.008962013429658525)	(1.0, 0.00821517897718698)	(2.0, 0.004481006714829263)	(3.0, 0.004481006714829263)	(4.0, 0.004481006714829263)	(5.0, 0.006721510072243893)	(6.0, 0.011650617458556082)	(7.0, 0.01755060963308128)	(8.0, 0.02147149050855688)	(9.0, 0.02729340453577823)	(10.0, 0.029126543646390203)	(11.0, 0.03291603697930137)	(12.0, 0.03969425114886255)	(13.0, 0.05183936354034298)	(14.0, 0.05956570542136676)	(15.0, 0.06329664463414666)	(16.0, 0.06682488740937215)	(17.0, 0.098568568918017)	(18.0, 0.11792670049829088)	(19.0, 0.1091366356482202)	(20.0, 0.12678807164395056)	(21.0, 0.16478372471046093)	(22.0, 0.19869300616425478)	(23.0, 0.2210543941023937)	(24.0, 0.25539945606084846)	(25.0, 0.34148100617102545)	(26.0, 0.41375089085145483)	(27.0, 0.49273599201630447)	(28.0, 0.6369433153416423)	(29.0, 0.7850147430768591)	(30.0, 0.9587795097110496)	(31.0, 1.0939369392304716)	(32.0, 1.3240405534725692)	(33.0, 1.4918976835690057)	(34.0, 1.774099817633222)	(35.0, 2.0113496790785703)	(36.0, 2.30257772257808)	(37.0, 2.431239282551703)	(38.0, 2.5568882767350476)	(39.0, 2.696463189277345)	(40.0, 2.654489960079419)	(41.0, 2.629266161788236)	(42.0, 2.608526589668586)	(43.0, 2.4708663549875007)	(44.0, 2.49848658430848)	(45.0, 2.5792201970497257)	(46.0, 2.708661078757719)	(47.0, 2.6921415027520643)	(48.0, 2.757361755085366)	(49.0, 2.935199107099439)	(50.0, 3.009085268630725)	(51.0, 3.179340489791567)	(52.0, 3.45005286748419)	(53.0, 3.4851846676608513)	(54.0, 3.4671101913657116)	(55.0, 3.370737129769169)	(56.0, 3.2244488291495945)	(57.0, 3.0034361123074147)	(58.0, 2.767736048344437)	(59.0, 2.6251059310533384)	(60.0, 2.5394692579855103)	(61.0, 2.3775288999406943)	(62.0, 2.1663508025685276)	(63.0, 2.0259936793968576)	(64.0, 1.8420666776511239)	(65.0, 1.6318187598802996)	(66.0, 1.432554955706137)	(67.0, 1.1181970572875535)	(68.0, 0.9338297570167671)	(69.0, 0.7483261302998983)	(70.0, 0.5477670554787276)	(71.0, 0.38834844988431944)	(72.0, 0.25522524838451094)	(73.0, 0.19293645456494546)	(74.0, 0.15337909061506155)	(75.0, 0.11074413918587835)	(76.0, 0.07818338306760056)	(77.0, 0.07095105116206443)	(78.0, 0.041363959603316784)	(79.0, 0.023708599163914823)	(80.0, 0.01792402685931705)	(81.0, 0.014563271823195102)	(82.0, 0.016090887748705075)	(83.0, 0.01792402685931705)	(84.0, 0.015683523501902417)	(85.0, 0.011202516787073156)	(86.0, 0.008962013429658525)	(87.0, 0.008962013429658525)	(88.0, 0.006721510072243893)	(89.0, 0.004481006714829263)	(90.0, 0.004481006714829263)	(91.0, 0.004481006714829263)	(92.0, 0.004481006714829263)	(93.0, 0.004481006714829263)	(94.0, 0.0022405033574146313)	(95.0, 0.0)	(96.0, 0.0)	(97.0, 0.0)	(98.0, 0.0)	(99.0, 0.0)	(100.0, 0.0)
dorado_barcode03	(0.0, 0.0)	(1.0, 0.0)	(2.0, 0.0)	(3.0, 0.0)	(4.0, 0.0)	(5.0, 0.0)	(6.0, 0.0)	(7.0, 0.0)	(8.0, 0.0)	(9.0, 0.0)	(10.0, 0.0)	(11.0, 0.0)	(12.0, 0.0)	(13.0, 0.0)	(14.0, 0.0)	(15.0, 0.09680570802747528)	(16.0, 0.09680570802747528)	(17.0, 0.2420142700686882)	(18.0, 0.40335711678114694)	(19.0, 0.22184641422963083)	(20.0, 0.0)	(21.0, 0.1613428467124588)	(22.0, 0.1210071350343441)	(23.0, 0.28601686462663156)	(24.0, 0.5922015850923203)	(25.0, 0.8162049892512621)	(26.0, 0.24521975708946556)	(27.0, 0.67418260947706)	(28.0, 1.645906572631641)	(29.0, 2.371219385877298)	(30.0, 2.0965490172155308)	(31.0, 2.089983550725933)	(32.0, 2.6617902824675874)	(33.0, 3.0428359956852375)	(34.0, 3.629980337616004)	(35.0, 4.925179894451002)	(36.0, 4.531464017504009)	(37.0, 2.7174037711556522)	(38.0, 3.8003591202004237)	(39.0, 4.6995900652360145)	(40.0, 5.624404651857497)	(41.0, 4.288603797668794)	(42.0, 2.8531933516901478)	(43.0, 1.6980579973061207)	(44.0, 1.388699973442643)	(45.0, 1.2664314672422434)	(46.0, 2.106203509391313)	(47.0, 2.3700512224996197)	(48.0, 2.1927849956097982)	(49.0, 3.0459873658943195)	(50.0, 1.9764646282955471)	(51.0, 3.2750247747192915)	(52.0, 2.9535121700895886)	(53.0, 2.164285195102571)	(54.0, 1.3516972022971776)	(55.0, 1.0170139781110024)	(56.0, 1.6033692644673074)	(57.0, 1.7841952380164596)	(58.0, 1.3594844300814157)	(59.0, 1.8024462735896565)	(60.0, 2.25104757541265)	(61.0, 2.5536214412264813)	(62.0, 2.0472877983057183)	(63.0, 0.9950923286648145)	(64.0, 0.46969615382750873)	(65.0, 0.7982804029386882)	(66.0, 0.83054897228118)	(67.0, 0.6292371021785893)	(68.0, 0.09680570802747528)	(69.0, 0.2420142700686882)	(70.0, 0.2420142700686882)	(71.0, 0.0)	(72.0, 0.06914693430533948)	(73.0, 0.0)	(74.0, 0.0)	(75.0, 0.0)	(76.0, 0.0)	(77.0, 0.2420142700686882)	(78.0, 0.2420142700686882)	(79.0, 0.0)	(80.0, 0.0)	(81.0, 0.0)	(82.0, 0.0)	(83.0, 0.0)	(84.0, 0.0)	(85.0, 0.0)	(86.0, 0.0)	(87.0, 0.0)	(88.0, 0.0)	(89.0, 0.0)	(90.0, 0.0)	(91.0, 0.0)	(92.0, 0.0)	(93.0, 0.0)	(94.0, 0.0)	(95.0, 0.0)	(96.0, 0.0)	(97.0, 0.0)	(98.0, 0.0)	(99.0, 0.0)	(100.0, 0.0)
dorado_barcode04	(0.0, 0.0)	(1.0, 0.0)	(2.0, 0.0)	(3.0, 0.0)	(4.0, 0.0)	(5.0, 0.0)	(6.0, 0.0)	(7.0, 0.0)	(8.0, 0.0)	(9.0, 0.0)	(10.0, 0.0)	(11.0, 0.0)	(12.0, 0.0)	(13.0, 0.03230312963563485)	(14.0, 0.03230312963563485)	(15.0, 0.0)	(16.0, 0.13361749076558052)	(17.0, 0.22612190744944394)	(18.0, 0.27134628893933277)	(19.0, 0.22612190744944394)	(20.0, 0.2638088920243513)	(21.0, 0.2449653997368976)	(22.0, 0.42020987801021664)	(23.0, 0.35956809373968396)	(24.0, 0.26757759048184204)	(25.0, 0.45035946567014246)	(26.0, 0.7245934586223577)	(27.0, 1.2849722596479933)	(28.0, 2.1816522243767675)	(29.0, 2.5846435027803714)	(30.0, 2.686639243055929)	(31.0, 3.355968193834149)	(32.0, 2.923334675519885)	(33.0, 2.4216432417593436)	(34.0, 2.810258617379685)	(35.0, 3.0078653183908255)	(36.0, 2.8569557094975844)	(37.0, 2.686518461559491)	(38.0, 2.0860170223523005)	(39.0, 3.1048836418790136)	(40.0, 3.5171998675417244)	(41.0, 2.289358990835235)	(42.0, 2.456260422395661)	(43.0, 2.6483233793095344)	(44.0, 2.268992333691969)	(45.0, 2.7798008007201784)	(46.0, 2.521082103345869)	(47.0, 2.7743180545074417)	(48.0, 3.1688539137895058)	(49.0, 3.1714551171969014)	(50.0, 3.381731387543067)	(51.0, 2.8179482020823983)	(52.0, 2.2218473979938396)	(53.0, 2.1099406185824168)	(54.0, 2.3847913811781174)	(55.0, 2.2892325951042785)	(56.0, 1.8478371921569499)	(57.0, 1.5969070833486667)	(58.0, 1.8361304762705377)	(59.0, 2.1560985678829416)	(60.0, 1.7480066073508806)	(61.0, 1.203042008282252)	(62.0, 1.3361524377471834)	(63.0, 1.3196594195055824)	(64.0, 1.42200002864448)	(65.0, 0.8643044942964785)	(66.0, 0.6057668459070528)	(67.0, 0.3816842646136348)	(68.0, 0.3463158671965403)	(69.0, 0.5037493604845946)	(70.0, 0.4396814867072521)	(71.0, 0.395713338036527)	(72.0, 0.5410774213968838)	(73.0, 0.52223392910943)	(74.0, 0.33918286117416596)	(75.0, 0.11676787024028665)	(76.0, 0.0)	(77.0, 0.0)	(78.0, 0.0)	(79.0, 0.0)	(80.0, 0.03230312963563485)	(81.0, 0.0)	(82.0, 0.0)	(83.0, 0.0)	(84.0, 0.0)	(85.0, 0.0)	(86.0, 0.0)	(87.0, 0.0)	(88.0, 0.0)	(89.0, 0.0)	(90.0, 0.0)	(91.0, 0.0)	(92.0, 0.0)	(93.0, 0.0)	(94.0, 0.0)	(95.0, 0.0)	(96.0, 0.0)	(97.0, 0.0)	(98.0, 0.0)	(99.0, 0.0)	(100.0, 0.0)
dorado_barcode05	(0.0, 0.005695784868244853)	(1.0, 0.005822357865316961)	(2.0, 0.005126206381420368)	(3.0, 0.005087371484591426)	(4.0, 0.006320595208337169)	(5.0, 0.009440555405724242)	(6.0, 0.012625656457942757)	(7.0, 0.01509382990084886)	(8.0, 0.01937516152681291)	(9.0, 0.023999596384125993)	(10.0, 0.026761147952388514)	(11.0, 0.03458705773304753)	(12.0, 0.039089481152598575)	(13.0, 0.038617186664044865)	(14.0, 0.042662168375474506)	(15.0, 0.050428496198350936)	(16.0, 0.05545120183256012)	(17.0, 0.058155376646955095)	(18.0, 0.06049515162257845)	(19.0, 0.08332459746771712)	(20.0, 0.11326140683494747)	(21.0, 0.14113755234366504)	(22.0, 0.1711298243237927)	(23.0, 0.2118521545441949)	(24.0, 0.28249764067126026)	(25.0, 0.3452474506907738)	(26.0, 0.3925181929777193)	(27.0, 0.5154433497078768)	(28.0, 0.668653501514956)	(29.0, 0.8191398164898479)	(30.0, 1.0080289177807549)	(31.0, 1.2596284688503634)	(32.0, 1.5171299600574228)	(33.0, 1.7650884602455106)	(34.0, 2.047863887342863)	(35.0, 2.2985457689511835)	(36.0, 2.464518406359711)	(37.0, 2.587200324176013)	(38.0, 2.6632118135998533)	(39.0, 2.617960632547296)	(40.0, 2.6077983595223855)	(41.0, 2.493007707523305)	(42.0, 2.3943913690861702)	(43.0, 2.381959558761871)	(44.0, 2.4134595394458236)	(45.0, 2.4448802862439063)	(46.0, 2.6103055575049647)	(47.0, 2.8103145956052877)	(48.0, 3.1114196675730574)	(49.0, 3.426593879533342)	(50.0, 3.6980350557162276)	(51.0, 3.972042981045148)	(52.0, 4.150548563037019)	(53.0, 4.117846041205215)	(54.0, 3.930193775023595)	(55.0, 3.588649043067603)	(56.0, 3.187548433904529)	(57.0, 2.809815251942321)	(58.0, 2.542783682673655)	(59.0, 2.392672667687574)	(60.0, 2.3232593326635342)	(61.0, 2.279034566494597)	(62.0, 2.049541247766506)	(63.0, 1.7036571355197538)	(64.0, 1.3536266515134172)	(65.0, 1.0714360534409422)	(66.0, 0.8557497099497013)	(67.0, 0.6933522537962935)	(68.0, 0.5457090961112229)	(69.0, 0.4048153804031302)	(70.0, 0.28418660913502547)	(71.0, 0.20299808280317563)	(72.0, 0.14515338043945145)	(73.0, 0.10037345155493199)	(74.0, 0.07310579049830081)	(75.0, 0.05739905794970531)	(76.0, 0.043353902958867645)	(77.0, 0.03804628130497667)	(78.0, 0.02955192216659369)	(79.0, 0.024439601929467245)	(80.0, 0.018558157222659938)	(81.0, 0.012806598310575385)	(82.0, 0.010640391874969882)	(83.0, 0.010930071438723547)	(84.0, 0.011267298066637092)	(85.0, 0.010765033400982773)	(86.0, 0.010062553267232575)	(87.0, 0.00854367730236728)	(88.0, 0.008828466545779522)	(89.0, 0.00854367730236728)	(90.0, 0.006645082346285662)	(91.0, 0.004936346885812206)	(92.0, 0.004556627894595882)	(93.0, 0.0043667683989877205)	(94.0, 0.00322761142533875)	(95.0, 0.0026580329385142644)	(96.0, 0.002278313947297941)	(97.0, 0.002278313947297941)	(98.0, 0.002278313947297941)	(99.0, 0.002278313947297941)	(100.0, 0.002278313947297941)
dorado_barcode06	(0.0, 0.0)	(1.0, 0.0)	(2.0, 0.0)	(3.0, 0.0)	(4.0, 0.0)	(5.0, 0.0)	(6.0, 0.0)	(7.0, 0.0)	(8.0, 0.0)	(9.0, 0.2024299831615303)	(10.0, 0.2024299831615303)	(11.0, 0.0)	(12.0, 0.0)	(13.0, 0.0)	(14.0, 0.0)	(15.0, 0.2024299831615303)	(16.0, 0.4048599663230606)	(17.0, 0.25303747895191286)	(18.0, 0.0)	(19.0, 0.2024299831615303)	(20.0, 0.4048599663230606)	(21.0, 0.5091420788608186)	(22.0, 0.6747666105384342)	(23.0, 0.6072899494845909)	(24.0, 1.0895012101864474)	(25.0, 0.8289989786615048)	(26.0, 1.0723969346057258)	(27.0, 2.1266540395515223)	(28.0, 1.4191364639240116)	(29.0, 1.737524022136468)	(30.0, 1.6300362463364046)	(31.0, 1.7978148569482142)	(32.0, 3.0513500189107963)	(33.0, 3.6371934882348187)	(34.0, 3.8191500104617706)	(35.0, 3.024584605827148)	(36.0, 3.248205640676121)	(37.0, 1.585190364448705)	(38.0, 1.915853165412384)	(39.0, 2.3617695494908624)	(40.0, 2.7070067630184345)	(41.0, 2.1033280617464163)	(42.0, 2.1235153168160914)	(43.0, 2.488954051261834)	(44.0, 2.221772455212151)	(45.0, 2.9799796330892567)	(46.0, 3.367067352716941)	(47.0, 2.6970132776797415)	(48.0, 1.8890733723312778)	(49.0, 2.4755101383575853)	(50.0, 2.334856950043725)	(51.0, 1.782109951578311)	(52.0, 2.0021526911842225)	(53.0, 2.529466980169668)	(54.0, 1.4017885975712656)	(55.0, 2.04528462471793)	(56.0, 2.123441194161986)	(57.0, 2.2439725688056225)	(58.0, 1.6907905386294126)	(59.0, 2.294516010687816)	(60.0, 2.0301761538858005)	(61.0, 2.3727648787731175)	(62.0, 2.515217275628441)	(63.0, 1.4527684878195477)	(64.0, 1.3221336071943988)	(65.0, 0.8347445301316321)	(66.0, 0.6902364902040043)	(67.0, 1.3607793312525092)	(68.0, 0.576618739914662)	(69.0, 0.7563159442184803)	(70.0, 0.6072899494845909)	(71.0, 0.5533086206415161)	(72.0, 0.4048599663230606)	(73.0, 0.08097199326461212)	(74.0, 0.2834019764261424)	(75.0, 0.4453459629553667)	(76.0, 0.2024299831615303)	(77.0, 0.0)	(78.0, 0.0)	(79.0, 0.0)	(80.0, 0.0)	(81.0, 0.0)	(82.0, 0.0)	(83.0, 0.0)	(84.0, 0.0)	(85.0, 0.0)	(86.0, 0.0)	(87.0, 0.0)	(88.0, 0.0)	(89.0, 0.0)	(90.0, 0.0)	(91.0, 0.0)	(92.0, 0.0)	(93.0, 0.0)	(94.0, 0.0)	(95.0, 0.0)	(96.0, 0.0)	(97.0, 0.0)	(98.0, 0.0)	(99.0, 0.0)	(100.0, 0.0)
dorado_barcode07	(0.0, 0.0)	(1.0, 0.0)	(2.0, 0.0)	(3.0, 0.0)	(4.0, 0.0)	(5.0, 0.0)	(6.0, 0.0)	(7.0, 0.0)	(8.0, 0.0)	(9.0, 0.0)	(10.0, 0.0)	(11.0, 0.0)	(12.0, 0.0)	(13.0, 0.0)	(14.0, 0.11366302691218214)	(15.0, 0.22732605382436427)	(16.0, 0.11366302691218214)	(17.0, 0.0)	(18.0, 0.0)	(19.0, 0.08524727018413661)	(20.0, 0.34098908073654643)	(21.0, 0.5424826284445057)	(22.0, 0.5114836211048196)	(23.0, 0.712977168812779)	(24.0, 0.5424826284445057)	(25.0, 0.47753232735183015)	(26.0, 0.5519545473538543)	(27.0, 0.9011854276608727)	(28.0, 1.690410154849492)	(29.0, 1.1967092976325466)	(30.0, 1.1477382467518757)	(31.0, 1.149767943661022)	(32.0, 2.675423453702514)	(33.0, 3.058927239958904)	(34.0, 2.7569212407792176)	(35.0, 2.82534917526132)	(36.0, 2.4362355269379075)	(37.0, 2.5222071012075493)	(38.0, 2.5201460555021096)	(39.0, 2.280409912478655)	(40.0, 2.0257435488826756)	(41.0, 2.361398588874139)	(42.0, 3.4943900856290253)	(43.0, 3.8450790191524185)	(44.0, 4.048796701987604)	(45.0, 3.5851732455604983)	(46.0, 2.715387823218289)	(47.0, 3.1854193540069033)	(48.0, 3.341710535543152)	(49.0, 3.0084582679766143)	(50.0, 3.118733181109811)	(51.0, 2.174253366488866)	(52.0, 2.6493264898012456)	(53.0, 3.3305927221624883)	(54.0, 3.4152577253664345)	(55.0, 2.7838298721614714)	(56.0, 3.3625101638997825)	(57.0, 4.1490489740664485)	(58.0, 3.4776824411150153)	(59.0, 1.874324084397803)	(60.0, 1.6279791208299945)	(61.0, 0.8707468558241345)	(62.0, 1.182807080756134)	(63.0, 1.0451253223761414)	(64.0, 0.6384712213331734)	(65.0, 0.5785005226868076)	(66.0, 0.29729524181965566)	(67.0, 0.08512425825024897)	(68.0, 0.030999007339686042)	(69.0, 0.042623635092068304)	(70.0, 0.08524727018413661)	(71.0, 0.08524727018413661)	(72.0, 0.10148484545730548)	(73.0, 0.0)	(74.0, 0.0)	(75.0, 0.0)	(76.0, 0.0)	(77.0, 0.0)	(78.0, 0.0)	(79.0, 0.0)	(80.0, 0.0)	(81.0, 0.0)	(82.0, 0.0)	(83.0, 0.0)	(84.0, 0.0)	(85.0, 0.0)	(86.0, 0.0)	(87.0, 0.0)	(88.0, 0.0)	(89.0, 0.0)	(90.0, 0.0)	(91.0, 0.0)	(92.0, 0.0)	(93.0, 0.0)	(94.0, 0.0)	(95.0, 0.0)	(96.0, 0.0)	(97.0, 0.0)	(98.0, 0.0)	(99.0, 0.0)	(100.0, 0.0)
dorado_barcode08	(0.0, 0.0)	(1.0, 0.0)	(2.0, 0.0)	(3.0, 0.0)	(4.0, 0.0)	(5.0, 0.0)	(6.0, 0.0)	(7.0, 0.0)	(8.0, 0.0)	(9.0, 0.0)	(10.0, 0.0)	(11.0, 0.0)	(12.0, 0.14590623669819203)	(13.0, 0.14590623669819203)	(14.0, 0.18759373289767542)	(15.0, 0.29181247339638405)	(16.0, 0.14590623669819203)	(17.0, 0.0)	(18.0, 0.14590623669819203)	(19.0, 0.14590623669819203)	(20.0, 0.19454164893092268)	(21.0, 0.26749476728001864)	(22.0, 0.4377187100945761)	(23.0, 0.6254618605413537)	(24.0, 0.4377187100945761)	(25.0, 0.5615179412324359)	(26.0, 0.6587887656978972)	(27.0, 1.6267597948752968)	(28.0, 1.987819831403045)	(29.0, 1.6554300593623772)	(30.0, 1.6814232199385246)	(31.0, 2.3796096326982408)	(32.0, 2.7399422691475634)	(33.0, 2.2963358628522057)	(34.0, 3.974266672053945)	(35.0, 4.512045896234166)	(36.0, 3.308721538158715)	(37.0, 2.799973358511054)	(38.0, 2.7953959558766956)	(39.0, 2.9328059393856756)	(40.0, 3.190389498424167)	(41.0, 2.926672924225662)	(42.0, 2.9917537676553563)	(43.0, 2.704313994149509)	(44.0, 1.5810760749731483)	(45.0, 1.1429889147859005)	(46.0, 1.7971100634359132)	(47.0, 1.6037654233753669)	(48.0, 1.4282604347161367)	(49.0, 2.3846777713177647)	(50.0, 2.4686401135151943)	(51.0, 1.6723984094140245)	(52.0, 1.8327529542560161)	(53.0, 2.112749452758038)	(54.0, 2.2430360251184345)	(55.0, 2.4308976303324594)	(56.0, 2.461071350637854)	(57.0, 2.9130704584975415)	(58.0, 3.46148091831038)	(59.0, 3.766948157162655)	(60.0, 3.2262426748003734)	(61.0, 1.605756047416216)	(62.0, 1.2688157934170048)	(63.0, 1.2771281968220698)	(64.0, 0.8135493588043129)	(65.0, 0.8360629795619584)	(66.0, 0.7743443629786452)	(67.0, 0.7191093094410892)	(68.0, 0.7852408375029971)	(69.0, 0.6831064718142625)	(70.0, 0.4377187100945761)	(71.0, 0.4255598570363933)	(72.0, 0.4156117045342439)	(73.0, 0.24317706116365334)	(74.0, 0.0)	(75.0, 0.14590623669819203)	(76.0, 0.14590623669819203)	(77.0, 0.0)	(78.0, 0.0)	(79.0, 0.0)	(80.0, 0.0)	(81.0, 0.0)	(82.0, 0.0)	(83.0, 0.0)	(84.0, 0.0)	(85.0, 0.0)	(86.0, 0.0)	(87.0, 0.0)	(88.0, 0.0)	(89.0, 0.0)	(90.0, 0.0)	(91.0, 0.0)	(92.0, 0.0)	(93.0, 0.0)	(94.0, 0.0)	(95.0, 0.0)	(96.0, 0.0)	(97.0, 0.0)	(98.0, 0.0)	(99.0, 0.0)	(100.0, 0.0)
dorado_barcode09	(0.0, 0.0)	(1.0, 0.0)	(2.0, 0.0)	(3.0, 0.0)	(4.0, 0.0)	(5.0, 0.008682432844028297)	(6.0, 0.017364865688056595)	(7.0, 0.021706082110070742)	(8.0, 0.026047298532084893)	(9.0, 0.026836610608814735)	(10.0, 0.03551904345284303)	(11.0, 0.04124155600913441)	(12.0, 0.03472973137611319)	(13.0, 0.04854269271888548)	(14.0, 0.0672888545412193)	(15.0, 0.07163007096323344)	(16.0, 0.08734176635725031)	(17.0, 0.07299821189623185)	(18.0, 0.07322560894690877)	(19.0, 0.11091150198182208)	(20.0, 0.14969961295245457)	(21.0, 0.20618428861481694)	(22.0, 0.24184590737122796)	(23.0, 0.26863328196173875)	(24.0, 0.38108582180765266)	(25.0, 0.5600042282616783)	(26.0, 0.702052495017144)	(27.0, 0.8376089067764022)	(28.0, 1.054958167936747)	(29.0, 1.2915520725078378)	(30.0, 1.5238246769316677)	(31.0, 1.7806346566806988)	(32.0, 2.011169989457281)	(33.0, 2.2041531969152888)	(34.0, 2.4601368409049087)	(35.0, 2.6522046783378905)	(36.0, 2.685614514549131)	(37.0, 2.9575154972105033)	(38.0, 3.1667809978513546)	(39.0, 3.014642607103458)	(40.0, 2.9848398099308144)	(41.0, 2.8954055196617454)	(42.0, 2.9231760115976475)	(43.0, 2.963008264025385)	(44.0, 2.889754928274788)	(45.0, 2.7981857795075826)	(46.0, 2.939359985733502)	(47.0, 3.0024195182009294)	(48.0, 3.1349463774074096)	(49.0, 3.014110167678146)	(50.0, 3.0074569630892696)	(51.0, 3.104606822731338)	(52.0, 3.1295360351169483)	(53.0, 3.266563630376746)	(54.0, 3.2502219076296393)	(55.0, 2.973269227912279)	(56.0, 2.858963349765007)	(57.0, 2.753881739300169)	(58.0, 2.3929067810203732)	(59.0, 2.1198134967160467)	(60.0, 1.7751928194849826)	(61.0, 1.5033118933227658)	(62.0, 1.4087802656783592)	(63.0, 1.2400169525545757)	(64.0, 1.0652078481372715)	(65.0, 0.8978607608301716)	(66.0, 0.7237759015323312)	(67.0, 0.5416167180749155)	(68.0, 0.42153768815110576)	(69.0, 0.3050919232958255)	(70.0, 0.21926959582658784)	(71.0, 0.17604008454161052)	(72.0, 0.12720858993874737)	(73.0, 0.08006819292636919)	(74.0, 0.06480158184228609)	(75.0, 0.04031129534727423)	(76.0, 0.03907094779812734)	(77.0, 0.03135322971454663)	(78.0, 0.01953547389906367)	(79.0, 0.005788288562685531)	(80.0, 0.004341216422014149)	(81.0, 0.004341216422014149)	(82.0, 0.0)	(83.0, 0.004341216422014149)	(84.0, 0.004341216422014149)	(85.0, 0.0)	(86.0, 0.0)	(87.0, 0.0)	(88.0, 0.0)	(89.0, 0.0)	(90.0, 0.0)	(91.0, 0.0)	(92.0, 0.0)	(93.0, 0.0)	(94.0, 0.0)	(95.0, 0.0)	(96.0, 0.0)	(97.0, 0.0)	(98.0, 0.0)	(99.0, 0.0)	(100.0, 0.0)
dorado_barcode10	(0.0, 0.005679916405064279)	(1.0, 0.004259937303798209)	(2.0, 0.004259937303798209)	(3.0, 0.008046548240507729)	(4.0, 0.008046548240507729)	(5.0, 0.00680846475994898)	(6.0, 0.014199791012660699)	(7.0, 0.023074660395573637)	(8.0, 0.026979602924055327)	(9.0, 0.02711483902893781)	(10.0, 0.025180962729118305)	(11.0, 0.028020920931650446)	(12.0, 0.031288102283697695)	(13.0, 0.033065882173230636)	(14.0, 0.04772605083216349)	(15.0, 0.07093025670444385)	(16.0, 0.08708469485884804)	(17.0, 0.09927467311074385)	(18.0, 0.1190494761221547)	(19.0, 0.14562899954270167)	(20.0, 0.1689134808040324)	(21.0, 0.1673945487470937)	(22.0, 0.19562975901020446)	(23.0, 0.2619234112366536)	(24.0, 0.28142936228337534)	(25.0, 0.33757359726743186)	(26.0, 0.45461685095260246)	(27.0, 0.5498603135620781)	(28.0, 0.670186784594029)	(29.0, 0.7965175229318414)	(30.0, 0.9450324595652648)	(31.0, 1.1236155555358203)	(32.0, 1.305470404094008)	(33.0, 1.4994925783781774)	(34.0, 1.7112007797255735)	(35.0, 1.9407676975151327)	(36.0, 2.127469285261227)	(37.0, 2.223927667291446)	(38.0, 2.309693807568605)	(39.0, 2.457255252939413)	(40.0, 2.463449231754048)	(41.0, 2.501405800502173)	(42.0, 2.5710824655604845)	(43.0, 2.663472789484605)	(44.0, 2.6788341191466243)	(45.0, 2.7654975229828107)	(46.0, 2.897685247072431)	(47.0, 2.96162791103639)	(48.0, 3.103297737809392)	(49.0, 3.2692701130730097)	(50.0, 3.4475769854474305)	(51.0, 3.517128211033058)	(52.0, 3.493625138348196)	(53.0, 3.5627422150632255)	(54.0, 3.5730274974005867)	(55.0, 3.38553710151089)	(56.0, 3.2464553841603654)	(57.0, 3.0704180112228077)	(58.0, 2.81797367954434)	(59.0, 2.6180281223556094)	(60.0, 2.396281925950597)	(61.0, 2.2215107740236926)	(62.0, 2.0337890307183195)	(63.0, 1.842267656595534)	(64.0, 1.6267863604847406)	(65.0, 1.383679352974464)	(66.0, 1.1708641543470646)	(67.0, 1.0001122489149412)	(68.0, 0.7631378084286685)	(69.0, 0.6112275747219793)	(70.0, 0.4667460100685441)	(71.0, 0.3368417931063979)	(72.0, 0.268936735217221)	(73.0, 0.19560936523200417)	(74.0, 0.15267961583202574)	(75.0, 0.11980085009044507)	(76.0, 0.09351822536450746)	(77.0, 0.07062029396963253)	(78.0, 0.05565887780265641)	(79.0, 0.046385983974691625)	(80.0, 0.03904942528481692)	(81.0, 0.0312610550627212)	(82.0, 0.017039749215192836)	(83.0, 0.012779811911394628)	(84.0, 0.012779811911394628)	(85.0, 0.013489801462027664)	(86.0, 0.011359832810128558)	(87.0, 0.012779811911394628)	(88.0, 0.012779811911394628)	(89.0, 0.011359832810128558)	(90.0, 0.008519874607596418)	(91.0, 0.005679916405064279)	(92.0, 0.0028399582025321396)	(93.0, 0.0)	(94.0, 0.0)	(95.0, 0.0)	(96.0, 0.0)	(97.0, 0.0)	(98.0, 0.0)	(99.0, 0.0)	(100.0, 0.0)
dorado_barcode11	(0.0, 0.0021683256840261977)	(1.0, 0.0)	(2.0, 0.0)	(3.0, 0.0)	(4.0, 0.0)	(5.0, 0.0005420814210065494)	(6.0, 0.0004818501520058217)	(7.0, 0.0)	(8.0, 0.005420814210065494)	(9.0, 0.00867330273610479)	(10.0, 0.023748328920286926)	(11.0, 0.03469321094441916)	(12.0, 0.03870132811792213)	(13.0, 0.043432220519433844)	(14.0, 0.04997662167485836)	(15.0, 0.053485366872646205)	(16.0, 0.05843221373273179)	(17.0, 0.0697703375618975)	(18.0, 0.07900293065300906)	(19.0, 0.08570581044609003)	(20.0, 0.09829495817116414)	(21.0, 0.11034854986273676)	(22.0, 0.1283193210825025)	(23.0, 0.15071670814241972)	(24.0, 0.19421562226715025)	(25.0, 0.2363682623138782)	(26.0, 0.302647077123839)	(27.0, 0.35836206180730623)	(28.0, 0.45883518595907213)	(29.0, 0.5588560363845453)	(30.0, 0.6463768029363216)	(31.0, 0.7905350978804673)	(32.0, 0.9757942680772471)	(33.0, 1.1095163003877506)	(34.0, 1.29276128122566)	(35.0, 1.4500173868088)	(36.0, 1.6563112982756172)	(37.0, 1.8200419946752346)	(38.0, 1.9779584551716072)	(39.0, 1.9478958299681022)	(40.0, 1.9831539598597676)	(41.0, 2.1226754878937526)	(42.0, 2.212207044179757)	(43.0, 2.3315947254981646)	(44.0, 2.440499504488661)	(45.0, 2.50890441265858)	(46.0, 2.565683273120102)	(47.0, 2.723162914004711)	(48.0, 2.9641707226846297)	(49.0, 3.169504911989402)	(50.0, 3.3527813237075805)	(51.0, 3.58711835162001)	(52.0, 3.781047016272734)	(53.0, 3.9353824683772527)	(54.0, 3.961366903575962)	(55.0, 3.8015326073384434)	(56.0, 3.5805330723996693)	(57.0, 3.383187988438981)	(58.0, 3.2352795885925953)	(59.0, 3.1016097369570588)	(60.0, 3.1229376846792034)	(61.0, 2.98136767429823)	(62.0, 2.837244376607114)	(63.0, 2.507590998010991)	(64.0, 2.112777881657981)	(65.0, 1.784812131532252)	(66.0, 1.6242110875190392)	(67.0, 1.303067144112783)	(68.0, 0.985033429627034)	(69.0, 0.7665079755408077)	(70.0, 0.5459108250630712)	(71.0, 0.45493297656390613)	(72.0, 0.35874307767069874)	(73.0, 0.24903962660108933)	(74.0, 0.19235248853941955)	(75.0, 0.15365394338739258)	(76.0, 0.09192903031512882)	(77.0, 0.06867584935948427)	(78.0, 0.056309665831789424)	(79.0, 0.04433568955444476)	(80.0, 0.027104071050327472)	(81.0, 0.022767419682275074)	(82.0, 0.01734660547220958)	(83.0, 0.01734660547220958)	(84.0, 0.016623830244200846)	(85.0, 0.015178279788183384)	(86.0, 0.01734660547220958)	(87.0, 0.01734660547220958)	(88.0, 0.01734660547220958)	(89.0, 0.01734660547220958)	(90.0, 0.010841628420130988)	(91.0, 0.0021683256840261977)	(92.0, 0.0)	(93.0, 0.0)	(94.0, 0.0)	(95.0, 0.0)	(96.0, 0.0)	(97.0, 0.0)	(98.0, 0.0)	(99.0, 0.0)	(100.0, 0.0)
dorado_barcode12	(0.0, 0.0)	(1.0, 0.0)	(2.0, 0.0)	(3.0, 0.0)	(4.0, 0.0)	(5.0, 0.0)	(6.0, 0.0)	(7.0, 0.0)	(8.0, 0.0)	(9.0, 0.0)	(10.0, 0.09678802108869644)	(11.0, 0.14697440239394646)	(12.0, 0.05018638130525001)	(13.0, 0.0)	(14.0, 0.0)	(15.0, 0.0)	(16.0, 0.0)	(17.0, 0.0)	(18.0, 0.0)	(19.0, 0.07527957195787502)	(20.0, 0.16424633881718184)	(21.0, 0.15055914391575004)	(22.0, 0.23576193217716315)	(23.0, 0.16424633881718184)	(24.0, 0.2031581298522432)	(25.0, 0.32376733653744083)	(26.0, 0.36499186403818196)	(27.0, 0.5723039839559404)	(28.0, 0.522793414576932)	(29.0, 0.7860849328925898)	(30.0, 1.492966247894079)	(31.0, 1.9281357501441228)	(32.0, 1.721778523532482)	(33.0, 1.9747456424218788)	(34.0, 2.260158855034808)	(35.0, 2.134940182664426)	(36.0, 2.1340723504779597)	(37.0, 1.9332471102680908)	(38.0, 2.3305008435511074)	(39.0, 2.829270423970832)	(40.0, 3.1962009880922198)	(41.0, 2.9521764666083024)	(42.0, 3.332531320629893)	(43.0, 4.349172408292388)	(44.0, 9.518109348300586)	(45.0, 12.609163334077461)	(46.0, 7.768704202709588)	(47.0, 3.1173579856180864)	(48.0, 2.969889844756829)	(49.0, 2.2733052223156873)	(50.0, 1.4049776286304465)	(51.0, 1.1658870792232203)	(52.0, 1.1108796213191987)	(53.0, 1.6512798757282245)	(54.0, 1.5420416892239706)	(55.0, 1.4107722547299715)	(56.0, 1.4744791489678788)	(57.0, 1.8331516780043942)	(58.0, 1.4532751617769823)	(59.0, 1.191474389798045)	(60.0, 0.9492136750340694)	(61.0, 0.7581956591920317)	(62.0, 1.0175397438170404)	(63.0, 1.0438832223662946)	(64.0, 0.8184735806432782)	(65.0, 0.5537579773281475)	(66.0, 0.269409619643183)	(67.0, 0.288989912349398)	(68.0, 0.19321756802521253)	(69.0, 0.10151336218561934)	(70.0, 0.12660655283824435)	(71.0, 0.15055914391575004)	(72.0, 0.15055914391575004)	(73.0, 0.15055914391575004)	(74.0, 0.15055914391575004)	(75.0, 0.15055914391575004)	(76.0, 0.15055914391575004)	(77.0, 0.1720675930465715)	(78.0, 0.15055914391575004)	(79.0, 0.15055914391575004)	(80.0, 0.15055914391575004)	(81.0, 0.15055914391575004)	(82.0, 0.15055914391575004)	(83.0, 0.15055914391575004)	(84.0, 0.15055914391575004)	(85.0, 0.15055914391575004)	(86.0, 0.15055914391575004)	(87.0, 0.15055914391575004)	(88.0, 0.15055914391575004)	(89.0, 0.15055914391575004)	(90.0, 0.07527957195787502)	(91.0, 0.0)	(92.0, 0.0)	(93.0, 0.0)	(94.0, 0.0)	(95.0, 0.0)	(96.0, 0.0)	(97.0, 0.0)	(98.0, 0.0)	(99.0, 0.0)	(100.0, 0.0)
dorado_barcode13	(0.0, 0.0)	(1.0, 0.0)	(2.0, 0.0)	(3.0, 0.0)	(4.0, 0.0)	(5.0, 0.0)	(6.0, 0.0)	(7.0, 0.0)	(8.0, 0.0)	(9.0, 0.0)	(10.0, 0.0)	(11.0, 0.23649318870927385)	(12.0, 0.18393914677387968)	(13.0, 0.0)	(14.0, 0.0)	(15.0, 0.0)	(16.0, 0.0)	(17.0, 0.0)	(18.0, 0.0)	(19.0, 0.0)	(20.0, 0.34000872585474734)	(21.0, 0.3065652446231328)	(22.0, 0.0)	(23.0, 0.3065652446231328)	(24.0, 0.7664131115578319)	(25.0, 0.9196957338693985)	(26.0, 1.22568409825079)	(27.0, 0.8271687691285982)	(28.0, 0.6203861714116344)	(29.0, 1.0295985925160285)	(30.0, 1.9595959577733801)	(31.0, 2.1900702566531547)	(32.0, 1.831567102926061)	(33.0, 1.6381957582278395)	(34.0, 2.4900690013777744)	(35.0, 2.5050109375603373)	(36.0, 2.981460758632196)	(37.0, 3.6208716769102636)	(38.0, 4.006369796874885)	(39.0, 3.6237531080422167)	(40.0, 3.539145698736643)	(41.0, 2.4610648148479273)	(42.0, 3.2929966674526847)	(43.0, 3.8076772943604578)	(44.0, 3.462469256083022)	(45.0, 2.631661076772969)	(46.0, 2.1409003765090544)	(47.0, 1.6649383492058862)	(48.0, 2.702554361483264)	(49.0, 2.8658346718138663)	(50.0, 2.502992603674497)	(51.0, 2.1281689339759033)	(52.0, 2.362368795353365)	(53.0, 3.323351138850434)	(54.0, 3.599473134735407)	(55.0, 3.0735460707925744)	(56.0, 3.2175781400048358)	(57.0, 3.8876464006843627)	(58.0, 2.6723612406515542)	(59.0, 2.11702374451863)	(60.0, 2.18366815521729)	(61.0, 1.7312186858874503)	(62.0, 1.0087406877320868)	(63.0, 1.011386611579408)	(64.0, 1.1626747992255346)	(65.0, 0.5724409204144679)	(66.0, 0.1895130603124821)	(67.0, 0.06688696246322898)	(68.0, 0.05709574926314431)	(69.0, 0.4932913481663137)	(70.0, 0.45984786693469926)	(71.0, 0.0)	(72.0, 0.0)	(73.0, 0.0)	(74.0, 0.0)	(75.0, 0.0)	(76.0, 0.0)	(77.0, 0.0)	(78.0, 0.0)	(79.0, 0.0)	(80.0, 0.0)	(81.0, 0.0)	(82.0, 0.0)	(83.0, 0.0)	(84.0, 0.0)	(85.0, 0.0)	(86.0, 0.0)	(87.0, 0.0)	(88.0, 0.0)	(89.0, 0.0)	(90.0, 0.0)	(91.0, 0.0)	(92.0, 0.0)	(93.0, 0.0)	(94.0, 0.0)	(95.0, 0.0)	(96.0, 0.0)	(97.0, 0.0)	(98.0, 0.0)	(99.0, 0.0)	(100.0, 0.0)
dorado_barcode14	(0.0, 0.0)	(1.0, 0.0)	(2.0, 0.0)	(3.0, 0.0)	(4.0, 0.0)	(5.0, 0.0)	(6.0, 0.0)	(7.0, 0.0)	(8.0, 0.0)	(9.0, 0.0)	(10.0, 0.025326421618498757)	(11.0, 0.050652843236997515)	(12.0, 0.08864247566474565)	(13.0, 0.10552675674374482)	(14.0, 0.07597926485549626)	(15.0, 0.07597926485549626)	(16.0, 0.07597926485549626)	(17.0, 0.07597926485549626)	(18.0, 0.060783411884397016)	(19.0, 0.050652843236997515)	(20.0, 0.09708461620424523)	(21.0, 0.14651759978951648)	(22.0, 0.1929493727567642)	(23.0, 0.26751718073219466)	(24.0, 0.49111913860224465)	(25.0, 0.69591743974571)	(26.0, 0.6500064481753794)	(27.0, 0.7246974643121857)	(28.0, 1.2229966907035064)	(29.0, 1.3534824285689773)	(30.0, 1.316094131440827)	(31.0, 1.6876087621973987)	(32.0, 2.2050913228367826)	(33.0, 2.2391347450963877)	(34.0, 2.329292416151269)	(35.0, 2.3267271421016695)	(36.0, 2.8824053774244867)	(37.0, 3.1655023851988644)	(38.0, 3.323261188763163)	(39.0, 3.280902303026033)	(40.0, 3.1349963114899735)	(41.0, 3.0903185729207014)	(42.0, 3.045763586306174)	(43.0, 3.2630751040234447)	(44.0, 3.131702907486426)	(45.0, 3.0722607361119847)	(46.0, 2.9328766300643574)	(47.0, 3.1841572978872157)	(48.0, 3.0324211435186332)	(49.0, 2.9307473038671343)	(50.0, 2.7725729501153333)	(51.0, 2.756866906302598)	(52.0, 2.611175963758193)	(53.0, 2.8042068813777776)	(54.0, 2.763009923757107)	(55.0, 2.545133603540822)	(56.0, 2.6660627243667765)	(57.0, 2.4925377995255604)	(58.0, 2.2846675689477616)	(59.0, 1.6789038862425454)	(60.0, 1.5476265049552562)	(61.0, 1.7773657636038573)	(62.0, 1.5427891580219666)	(63.0, 1.0910981109301225)	(64.0, 1.104755655156719)	(65.0, 1.1312729464820575)	(66.0, 0.9758499023999951)	(67.0, 0.7329648939680982)	(68.0, 0.6142030424114577)	(69.0, 0.46304079844424684)	(70.0, 0.34182994511755593)	(71.0, 0.2749181121494367)	(72.0, 0.17463170715993429)	(73.0, 0.13917471689403602)	(74.0, 0.12832053620039371)	(75.0, 0.08610983350289578)	(76.0, 0.06753712431599668)	(77.0, 0.06753712431599668)	(78.0, 0.06753712431599668)	(79.0, 0.06753712431599668)	(80.0, 0.050652843236997515)	(81.0, 0.050652843236997515)	(82.0, 0.025326421618498757)	(83.0, 0.0)	(84.0, 0.0)	(85.0, 0.0)	(86.0, 0.0)	(87.0, 0.0)	(88.0, 0.0)	(89.0, 0.0)	(90.0, 0.0)	(91.0, 0.0)	(92.0, 0.0)	(93.0, 0.0)	(94.0, 0.0)	(95.0, 0.0)	(96.0, 0.0)	(97.0, 0.0)	(98.0, 0.0)	(99.0, 0.0)	(100.0, 0.0)
dorado_barcode15	(0.0, 0.01055419781979662)	(1.0, 0.01055419781979662)	(2.0, 0.01055419781979662)	(3.0, 0.01583129672969493)	(4.0, 0.02110839563959324)	(5.0, 0.02110839563959324)	(6.0, 0.026385494549491555)	(7.0, 0.03693969236928817)	(8.0, 0.055409538553932255)	(9.0, 0.06596373637372888)	(10.0, 0.07563841770854246)	(11.0, 0.08275450563249623)	(12.0, 0.08045641417173406)	(13.0, 0.10055043658838707)	(14.0, 0.14058641618883977)	(15.0, 0.18961697447934484)	(16.0, 0.18550259120413964)	(17.0, 0.18205991239149172)	(18.0, 0.1878609137617089)	(19.0, 0.1649326034070799)	(20.0, 0.17303599524966892)	(21.0, 0.24454833688667427)	(22.0, 0.3479226758692243)	(23.0, 0.445420968680882)	(24.0, 0.5067768243086612)	(25.0, 0.5267286048926577)	(26.0, 0.6354594970732271)	(27.0, 0.8093387813791317)	(28.0, 1.0727013168012325)	(29.0, 1.324298593632916)	(30.0, 1.5030502286248912)	(31.0, 1.6417978221152656)	(32.0, 1.766928845099798)	(33.0, 1.9861817324826219)	(34.0, 2.3403203878373384)	(35.0, 2.452953350926109)	(36.0, 2.5271812629359856)	(37.0, 2.770022301497579)	(38.0, 2.7760396012052766)	(39.0, 2.8058788086585915)	(40.0, 2.9059223761023953)	(41.0, 2.9250562567893685)	(42.0, 2.877171708884884)	(43.0, 2.713438047884456)	(44.0, 2.6323172683965086)	(45.0, 2.7775251582087237)	(46.0, 2.7663464928039514)	(47.0, 2.7365537291226496)	(48.0, 2.925822115970279)	(49.0, 2.9338480058430405)	(50.0, 2.8888900036414307)	(51.0, 2.9152973203080443)	(52.0, 2.934275205499737)	(53.0, 2.927734521581742)	(54.0, 2.974167283253434)	(55.0, 2.8900680845667504)	(56.0, 2.7354939349543463)	(57.0, 2.5258963691990135)	(58.0, 2.314691850834574)	(59.0, 2.0799790475499176)	(60.0, 2.0176104130222163)	(61.0, 1.971552918927801)	(62.0, 1.818137059033682)	(63.0, 1.542828853572768)	(64.0, 1.311401793627476)	(65.0, 1.1998319301868043)	(66.0, 0.9663900144328809)	(67.0, 0.6840313720788341)	(68.0, 0.6131869389709474)	(69.0, 0.5080125069699237)	(70.0, 0.4241875878430371)	(71.0, 0.2888519260741961)	(72.0, 0.19570331743013178)	(73.0, 0.1702904198472018)	(74.0, 0.1533294212917791)	(75.0, 0.12426224783975548)	(76.0, 0.06610651502388847)	(77.0, 0.053990963578153146)	(78.0, 0.04045775830922038)	(79.0, 0.04045775830922038)	(80.0, 0.03518065939932207)	(81.0, 0.026385494549491555)	(82.0, 0.01583129672969493)	(83.0, 0.013192747274745778)	(84.0, 0.01055419781979662)	(85.0, 0.00527709890989831)	(86.0, 0.0)	(87.0, 0.0)	(88.0, 0.0015077425456852314)	(89.0, 0.0)	(90.0, 0.0)	(91.0, 0.0)	(92.0, 0.0)	(93.0, 0.0)	(94.0, 0.0)	(95.0, 0.0)	(96.0, 0.0)	(97.0, 0.0)	(98.0, 0.0)	(99.0, 0.0)	(100.0, 0.0)
dorado_barcode16	(0.0, 0.0)	(1.0, 0.0)	(2.0, 0.0)	(3.0, 0.0)	(4.0, 0.0)	(5.0, 0.0)	(6.0, 0.0)	(7.0, 0.0)	(8.0, 0.0)	(9.0, 0.22995192966837463)	(10.0, 0.22995192966837463)	(11.0, 0.0)	(12.0, 0.22995192966837463)	(13.0, 0.22995192966837463)	(14.0, 0.0)	(15.0, 0.0)	(16.0, 0.0)	(17.0, 0.09198077186734986)	(18.0, 0.0)	(19.0, 0.22995192966837463)	(20.0, 0.22995192966837463)	(21.0, 0.2190018377794044)	(22.0, 0.39808882447965926)	(23.0, 0.22995192966837463)	(24.0, 0.4369086663699119)	(25.0, 0.554472834741492)	(26.0, 0.2682772512797704)	(27.0, 1.188084969953269)	(28.0, 2.901774350577109)	(29.0, 2.25673260171404)	(30.0, 1.7338894699213359)	(31.0, 2.6308093494700455)	(32.0, 1.6351007959186452)	(33.0, 2.208318304087278)	(34.0, 2.8444662573035)	(35.0, 3.6973601166049495)	(36.0, 3.842174771382176)	(37.0, 3.22288439776727)	(38.0, 2.2978340200575564)	(39.0, 2.3473135105024254)	(40.0, 2.247265005086085)	(41.0, 1.6170535957738836)	(42.0, 2.295222215169742)	(43.0, 2.6295832305334756)	(44.0, 2.4148428762825396)	(45.0, 1.877277117025728)	(46.0, 2.8640250260123454)	(47.0, 2.924288403142764)	(48.0, 2.5976304640074437)	(49.0, 1.991896862293117)	(50.0, 2.6988096753474475)	(51.0, 3.9033858214803354)	(52.0, 3.4437975907978244)	(53.0, 3.3461162574611047)	(54.0, 3.7503968912260897)	(55.0, 2.25445082129606)	(56.0, 2.578055048509767)	(57.0, 2.9944027533897137)	(58.0, 2.267360670157174)	(59.0, 1.8850402240020732)	(60.0, 1.7108183320150208)	(61.0, 0.9960372774050642)	(62.0, 1.194715107103686)	(63.0, 1.4295344961050627)	(64.0, 1.0030284170296722)	(65.0, 1.4070868077326735)	(66.0, 0.9068667009865337)	(67.0, 0.2936615552042014)	(68.0, 0.6898557890051238)	(69.0, 0.6706931281994261)	(70.0, 0.22995192966837463)	(71.0, 0.041809441757886305)	(72.0, 0.22995192966837463)	(73.0, 0.22995192966837463)	(74.0, 0.0)	(75.0, 0.0)	(76.0, 0.0)	(77.0, 0.0)	(78.0, 0.0)	(79.0, 0.0)	(80.0, 0.0)	(81.0, 0.0)	(82.0, 0.0)	(83.0, 0.0)	(84.0, 0.0)	(85.0, 0.0)	(86.0, 0.0)	(87.0, 0.0)	(88.0, 0.0)	(89.0, 0.0)	(90.0, 0.0)	(91.0, 0.0)	(92.0, 0.0)	(93.0, 0.0)	(94.0, 0.0)	(95.0, 0.0)	(96.0, 0.0)	(97.0, 0.0)	(98.0, 0.0)	(99.0, 0.0)	(100.0, 0.0)
dorado_barcode17	(0.0, 0.01290848335710367)	(1.0, 0.012466568413286496)	(2.0, 0.012794151339604785)	(3.0, 0.01400484421985058)	(4.0, 0.017815880927171315)	(5.0, 0.023700671405738356)	(6.0, 0.03290343647486058)	(7.0, 0.0439316114032502)	(8.0, 0.055766095474864934)	(9.0, 0.06832084049591891)	(10.0, 0.0832971458068481)	(11.0, 0.10481817646438461)	(12.0, 0.1313748839470907)	(13.0, 0.1685597640933559)	(14.0, 0.20871430529159152)	(15.0, 0.25656326573632077)	(16.0, 0.31799815306016677)	(17.0, 0.3982907596596325)	(18.0, 0.48616307444128193)	(19.0, 0.5782708997833402)	(20.0, 0.6938548785435029)	(21.0, 0.8387924964870048)	(22.0, 0.990301523806429)	(23.0, 1.1498691839171598)	(24.0, 1.3147102410237876)	(25.0, 1.5185993318291835)	(26.0, 1.7245592354060317)	(27.0, 1.9360171006655182)	(28.0, 2.152790420144497)	(29.0, 2.3974432564970405)	(30.0, 2.644457557422982)	(31.0, 2.8856880323114797)	(32.0, 3.124587463559621)	(33.0, 3.333489472857809)	(34.0, 3.470781359239848)	(35.0, 3.5381749418463295)	(36.0, 3.585835336484315)	(37.0, 3.567565996925474)	(38.0, 3.4719581487874103)	(39.0, 3.3382994957121817)	(40.0, 3.1554215824335374)	(41.0, 2.996081757923312)	(42.0, 2.866545244454573)	(43.0, 2.712505442693002)	(44.0, 2.5536079551845536)	(45.0, 2.417733804377065)	(46.0, 2.316125015289279)	(47.0, 2.239555327107936)	(48.0, 2.1785828308719166)	(49.0, 2.1028323148800427)	(50.0, 2.043538230692003)	(51.0, 1.9276291989858019)	(52.0, 1.8382875225741466)	(53.0, 1.757113773452381)	(54.0, 1.6501088819064456)	(55.0, 1.5591818401345572)	(56.0, 1.4467397858023263)	(57.0, 1.3448536983861816)	(58.0, 1.2422300502453056)	(59.0, 1.1388859264151117)	(60.0, 1.038672897910668)	(61.0, 0.9364299517757632)	(62.0, 0.8346683681847107)	(63.0, 0.7388543819463188)	(64.0, 0.6541004425929192)	(65.0, 0.580967455890741)	(66.0, 0.5023650789098376)	(67.0, 0.4382557300305512)	(68.0, 0.3726618579161605)	(69.0, 0.3176365627459281)	(70.0, 0.26342067997922003)	(71.0, 0.2144043387435397)	(72.0, 0.1768237731021464)	(73.0, 0.14288413318185436)	(74.0, 0.11732546640303579)	(75.0, 0.092743007691095)	(76.0, 0.07158476857415151)	(77.0, 0.05877636832816634)	(78.0, 0.046652526180659994)	(79.0, 0.03652936211033335)	(80.0, 0.029907102085116318)	(81.0, 0.02452952060002411)	(82.0, 0.020164143239220375)	(83.0, 0.01540530289875157)	(84.0, 0.01291076751040993)	(85.0, 0.011591626434505741)	(86.0, 0.010050550275833856)	(87.0, 0.009012353511748153)	(88.0, 0.008105877592110566)	(89.0, 0.006643548246766759)	(90.0, 0.004797638222415873)	(91.0, 0.0032940850366946564)	(92.0, 0.0033001324798321565)	(93.0, 0.00272134941187455)	(94.0, 0.0020097669360288344)	(95.0, 0.001341432841408869)	(96.0, 0.0008809108836956877)	(97.0, 0.00066521874512489)	(98.0, 0.0007357722483957116)	(99.0, 0.0009171955425206818)	(100.0, 0.0012598839869789585)
dorado_barcode18	(0.0, 0.011759774630222233)	(1.0, 0.011365177541301156)	(2.0, 0.011494527070843407)	(3.0, 0.013397669245078151)	(4.0, 0.016282435313148172)	(5.0, 0.019716113694588897)	(6.0, 0.02424772769430141)	(7.0, 0.029216248754328097)	(8.0, 0.03632478271335966)	(9.0, 0.04676782782112643)	(10.0, 0.06003096793190974)	(11.0, 0.07523898303236264)	(12.0, 0.09313065566911034)	(13.0, 0.11900111724546607)	(14.0, 0.15799890755359214)	(15.0, 0.19664260466417263)	(16.0, 0.23876870093808258)	(17.0, 0.30002053256994776)	(18.0, 0.373934055099641)	(19.0, 0.45415285829068397)	(20.0, 0.5480206643030526)	(21.0, 0.6642578033875941)	(22.0, 0.7930175937523943)	(23.0, 0.9414357230383504)	(24.0, 1.0796316012648197)	(25.0, 1.2577418298249565)	(26.0, 1.4672738921623893)	(27.0, 1.6869901455861986)	(28.0, 1.908208245692448)	(29.0, 2.165263369254743)	(30.0, 2.4038528511001136)	(31.0, 2.653588600051975)	(32.0, 2.9169085603952793)	(33.0, 3.150578190193224)	(34.0, 3.337635458929633)	(35.0, 3.4782008948858016)	(36.0, 3.5666019372242292)	(37.0, 3.6502684060635593)	(38.0, 3.641181486146787)	(39.0, 3.5779960891030957)	(40.0, 3.469697792970868)	(41.0, 3.3517156564804695)	(42.0, 3.2637395950463777)	(43.0, 3.0203334520152065)	(44.0, 2.857387944397775)	(45.0, 2.723255338051306)	(46.0, 2.606643418057258)	(47.0, 2.5312147132868836)	(48.0, 2.4481353419598695)	(49.0, 2.3423942375800895)	(50.0, 2.1897569924579283)	(51.0, 2.00246703158787)	(52.0, 1.8751572278536754)	(53.0, 1.7617232726245147)	(54.0, 1.640105792606357)	(55.0, 1.5335508984133217)	(56.0, 1.444969978163835)	(57.0, 1.3365362827482563)	(58.0, 1.2303307362673992)	(59.0, 1.112322719244922)	(60.0, 1.0083719142850411)	(61.0, 0.9269481885207259)	(62.0, 0.8310329685849877)	(63.0, 0.7487159204715438)	(64.0, 0.6705699064417151)	(65.0, 0.5891875591884863)	(66.0, 0.512728712735719)	(67.0, 0.4428314938710698)	(68.0, 0.38233130510593955)	(69.0, 0.3369367242556744)	(70.0, 0.28689369868374226)	(71.0, 0.23390878327341444)	(72.0, 0.19108513342351963)	(73.0, 0.1646306420420997)	(74.0, 0.1340761560424505)	(75.0, 0.11077105181054926)	(76.0, 0.08654369640934972)	(77.0, 0.07087832530986529)	(78.0, 0.05966579634748012)	(79.0, 0.044763964532760415)	(80.0, 0.0377981294065581)	(81.0, 0.03422470599914582)	(82.0, 0.026776965692155406)	(83.0, 0.023020479543664155)	(84.0, 0.020167442254421276)	(85.0, 0.017906152609852784)	(86.0, 0.014096346130151564)	(87.0, 0.012691171156828366)	(88.0, 0.012028211346241565)	(89.0, 0.011012254072332138)	(90.0, 0.0082470702791281)	(91.0, 0.006253817781069463)	(92.0, 0.0059228780345574)	(93.0, 0.004314610758886151)	(94.0, 0.0031124244958159525)	(95.0, 0.002379872995660768)	(96.0, 0.001450030350480406)	(97.0, 0.001236371654437124)	(98.0, 0.0010255617410077527)	(99.0, 0.0014563864654553384)	(100.0, 0.0024237442479149896)
dorado_barcode19	(0.0, 0.0)	(1.0, 0.0)	(2.0, 0.0)	(3.0, 0.0)	(4.0, 0.0)	(5.0, 0.0)	(6.0, 0.0)	(7.0, 0.0)	(8.0, 0.0)	(9.0, 0.0)	(10.0, 0.0)	(11.0, 0.0)	(12.0, 0.0)	(13.0, 0.0)	(14.0, 0.0)	(15.0, 0.1300501723692433)	(16.0, 0.3901505171077299)	(17.0, 0.3901505171077299)	(18.0, 0.4551756032923516)	(19.0, 0.3487709168084252)	(20.0, 0.34680045965131545)	(21.0, 0.4768506320205587)	(22.0, 0.5722207584246706)	(23.0, 1.0534063961908706)	(24.0, 1.0142327467089156)	(25.0, 0.6219147267283651)	(26.0, 0.5707757565094568)	(27.0, 1.1589947504239944)	(28.0, 1.3886021989442878)	(29.0, 1.2454978196211124)	(30.0, 1.4787466488140883)	(31.0, 1.8944168290527332)	(32.0, 1.998345648302011)	(33.0, 1.677232198065872)	(34.0, 2.4823023097845835)	(35.0, 2.1201217019359833)	(36.0, 1.4660243725373514)	(37.0, 1.9539263985417876)	(38.0, 2.26466726206472)	(39.0, 2.154713667558148)	(40.0, 2.3326928644917557)	(41.0, 2.0823791236335802)	(42.0, 2.25751886456245)	(43.0, 2.4107323510426206)	(44.0, 3.558735854696155)	(45.0, 4.136506560313187)	(46.0, 5.328262680556625)	(47.0, 8.282283637629153)	(48.0, 8.382540020022203)	(49.0, 4.925784547612524)	(50.0, 3.1656498595827163)	(51.0, 2.7841433654442382)	(52.0, 2.5388228490773974)	(53.0, 2.281822084927388)	(54.0, 2.2991840702304676)	(55.0, 2.114253840384491)	(56.0, 1.623247434824134)	(57.0, 1.4234776315310924)	(58.0, 1.3188749059217564)	(59.0, 1.5348170335996059)	(60.0, 1.0220410280065424)	(61.0, 1.0978498641874068)	(62.0, 0.9720828143781555)	(63.0, 0.6641334776489124)	(64.0, 0.4594461847402544)	(65.0, 0.142435903071076)	(66.0, 0.31835481092097384)	(67.0, 0.2747961413424793)	(68.0, 0.39409143142194936)	(69.0, 0.16720736447474138)	(70.0, 0.0)	(71.0, 0.05174039115765594)	(72.0, 0.0)	(73.0, 0.0)	(74.0, 0.0)	(75.0, 0.0)	(76.0, 0.0)	(77.0, 0.0)	(78.0, 0.0)	(79.0, 0.0)	(80.0, 0.0)	(81.0, 0.0)	(82.0, 0.0)	(83.0, 0.0)	(84.0, 0.0)	(85.0, 0.0)	(86.0, 0.0)	(87.0, 0.0)	(88.0, 0.0)	(89.0, 0.0)	(90.0, 0.0)	(91.0, 0.0)	(92.0, 0.0)	(93.0, 0.0)	(94.0, 0.0)	(95.0, 0.0)	(96.0, 0.0)	(97.0, 0.0)	(98.0, 0.0)	(99.0, 0.0)	(100.0, 0.0)
dorado_barcode20	(0.0, 0.0011626361435721176)	(1.0, 0.0011626361435721176)	(2.0, 0.0011626361435721176)	(3.0, 0.0016470678700605)	(4.0, 0.002034613251251206)	(5.0, 0.001808545112223294)	(6.0, 0.002131499596548882)	(7.0, 0.002712817668334941)	(8.0, 0.003681681121311706)	(9.0, 0.0046505445742884705)	(10.0, 0.005813180717860588)	(11.0, 0.007169589552028058)	(12.0, 0.006975816861432706)	(13.0, 0.007169589552028058)	(14.0, 0.00792853259019319)	(15.0, 0.00876821424943972)	(16.0, 0.009979293565660676)	(17.0, 0.010625202534311852)	(18.0, 0.011057961543308141)	(19.0, 0.01275577940376266)	(20.0, 0.013865737582435027)	(21.0, 0.015742982557351886)	(22.0, 0.017937059828006457)	(23.0, 0.018554196488054082)	(24.0, 0.01919047238655009)	(25.0, 0.02185964533142785)	(26.0, 0.0252332740671467)	(27.0, 0.02920891983968006)	(28.0, 0.03473809924022523)	(29.0, 0.03872767891728784)	(30.0, 0.04368458239345422)	(31.0, 0.05303730525811392)	(32.0, 0.06026705226939105)	(33.0, 0.07266828922117455)	(34.0, 0.08569848890564631)	(35.0, 0.10125206683440965)	(36.0, 0.13050757679299105)	(37.0, 0.1655175662447817)	(38.0, 0.20016360020363053)	(39.0, 0.24366357674324582)	(40.0, 0.28978466517268)	(41.0, 0.34192998862885143)	(42.0, 0.4154333328077868)	(43.0, 0.5030005094174516)	(44.0, 0.5982570764914086)	(45.0, 0.7167784172348141)	(46.0, 0.901341062577999)	(47.0, 1.12419398962056)	(48.0, 1.3980373101017791)	(49.0, 1.7337996446644675)	(50.0, 2.1440091359855282)	(51.0, 2.611877923483401)	(52.0, 3.1478495983915598)	(53.0, 3.85101319106744)	(54.0, 4.735369047978006)	(55.0, 5.765763226103388)	(56.0, 7.0092512664770386)	(57.0, 8.315100967660232)	(58.0, 9.12581011379606)	(59.0, 9.089311134741191)	(60.0, 8.279833124405556)	(61.0, 7.025434073852704)	(62.0, 5.525091201180898)	(63.0, 4.0607948446656765)	(64.0, 2.8946011686834785)	(65.0, 2.0425960608665297)	(66.0, 1.4102269254591775)	(67.0, 0.9796988647853315)	(68.0, 0.6679538704053407)	(69.0, 0.458404529708154)	(70.0, 0.31856067782847114)	(71.0, 0.2189113931500681)	(72.0, 0.15195194838001558)	(73.0, 0.11483227160405449)	(74.0, 0.08985197720765695)	(75.0, 0.0714210906136181)	(76.0, 0.05848646992139252)	(77.0, 0.047603490989591705)	(78.0, 0.040821446818754346)	(79.0, 0.033135130091805354)	(80.0, 0.025577995158586584)	(81.0, 0.02053990520310741)	(82.0, 0.01621231511314453)	(83.0, 0.014080815516595645)	(84.0, 0.012788997579293292)	(85.0, 0.012013906816911883)	(86.0, 0.011626361435721176)	(87.0, 0.011626361435721176)	(88.0, 0.010657497982744412)	(89.0, 0.008913543767386236)	(90.0, 0.00794468031440947)	(91.0, 0.0075571349332187645)	(92.0, 0.006394498789646646)	(93.0, 0.005231862646074529)	(94.0, 0.004262999193097764)	(95.0, 0.002906590358930294)	(96.0, 0.0023252722871442352)	(97.0, 0.0023252722871442352)	(98.0, 0.0023252722871442352)	(99.0, 0.0023252722871442352)	(100.0, 0.0023252722871442352)
dorado_barcode21	(0.0, 0.0)	(1.0, 0.0)	(2.0, 0.0)	(3.0, 0.0)	(4.0, 0.0)	(5.0, 0.0)	(6.0, 0.0)	(7.0, 0.0)	(8.0, 0.0)	(9.0, 0.0)	(10.0, 0.0)	(11.0, 0.0)	(12.0, 0.0)	(13.0, 0.0)	(14.0, 0.0)	(15.0, 0.0)	(16.0, 0.0)	(17.0, 0.0)	(18.0, 0.0)	(19.0, 0.0)	(20.0, 0.0)	(21.0, 0.0)	(22.0, 0.0)	(23.0, 0.0)	(24.0, 0.0)	(25.0, 0.0)	(26.0, 0.0)	(27.0, 0.0)	(28.0, 0.0)	(29.0, 0.0)	(30.0, 0.0)	(31.0, 0.0)	(32.0, 0.0)	(33.0, 0.0)	(34.0, 0.0)	(35.0, 0.0)	(36.0, 0.0)	(37.0, 0.0)	(38.0, 0.0)	(39.0, 0.0)	(40.0, 0.0)	(41.0, 0.0)	(42.0, 50.0)	(43.0, 50.0)	(44.0, 0.0)	(45.0, 0.0)	(46.0, 0.0)	(47.0, 0.0)	(48.0, 0.0)	(49.0, 0.0)	(50.0, 0.0)	(51.0, 0.0)	(52.0, 0.0)	(53.0, 0.0)	(54.0, 0.0)	(55.0, 0.0)	(56.0, 0.0)	(57.0, 0.0)	(58.0, 0.0)	(59.0, 0.0)	(60.0, 0.0)	(61.0, 0.0)	(62.0, 0.0)	(63.0, 0.0)	(64.0, 0.0)	(65.0, 0.0)	(66.0, 0.0)	(67.0, 0.0)	(68.0, 0.0)	(69.0, 0.0)	(70.0, 0.0)	(71.0, 0.0)	(72.0, 0.0)	(73.0, 0.0)	(74.0, 0.0)	(75.0, 0.0)	(76.0, 0.0)	(77.0, 0.0)	(78.0, 0.0)	(79.0, 0.0)	(80.0, 0.0)	(81.0, 0.0)	(82.0, 0.0)	(83.0, 0.0)	(84.0, 0.0)	(85.0, 0.0)	(86.0, 0.0)	(87.0, 0.0)	(88.0, 0.0)	(89.0, 0.0)	(90.0, 0.0)	(91.0, 0.0)	(92.0, 0.0)	(93.0, 0.0)	(94.0, 0.0)	(95.0, 0.0)	(96.0, 0.0)	(97.0, 0.0)	(98.0, 0.0)	(99.0, 0.0)	(100.0, 0.0)
dorado_barcode23	(0.0, 0.0)	(1.0, 0.0)	(2.0, 0.0)	(3.0, 0.0)	(4.0, 0.0)	(5.0, 0.0)	(6.0, 0.0)	(7.0, 0.0)	(8.0, 0.0)	(9.0, 0.0)	(10.0, 0.0)	(11.0, 0.0)	(12.0, 0.0)	(13.0, 0.0)	(14.0, 0.0)	(15.0, 0.0)	(16.0, 0.0)	(17.0, 0.0)	(18.0, 0.0)	(19.0, 0.0)	(20.0, 0.0)	(21.0, 0.0)	(22.0, 0.0)	(23.0, 0.0)	(24.0, 0.0)	(25.0, 0.0)	(26.0, 0.0)	(27.0, 0.0)	(28.0, 0.0)	(29.0, 0.0)	(30.0, 0.0)	(31.0, 0.0)	(32.0, 0.0)	(33.0, 0.0)	(34.0, 0.0)	(35.0, 0.0)	(36.0, 0.0)	(37.0, 0.0)	(38.0, 0.0)	(39.0, 0.0)	(40.0, 0.0)	(41.0, 0.0)	(42.0, 0.0)	(43.0, 0.0)	(44.0, 0.0)	(45.0, 0.0)	(46.0, 0.0)	(47.0, 0.0)	(48.0, 0.0)	(49.0, 0.0)	(50.0, 0.0)	(51.0, 0.0)	(52.0, 0.0)	(53.0, 0.0)	(54.0, 0.0)	(55.0, 100.0)	(56.0, 0.0)	(57.0, 0.0)	(58.0, 0.0)	(59.0, 0.0)	(60.0, 0.0)	(61.0, 0.0)	(62.0, 0.0)	(63.0, 0.0)	(64.0, 0.0)	(65.0, 0.0)	(66.0, 0.0)	(67.0, 0.0)	(68.0, 0.0)	(69.0, 0.0)	(70.0, 0.0)	(71.0, 0.0)	(72.0, 0.0)	(73.0, 0.0)	(74.0, 0.0)	(75.0, 0.0)	(76.0, 0.0)	(77.0, 0.0)	(78.0, 0.0)	(79.0, 0.0)	(80.0, 0.0)	(81.0, 0.0)	(82.0, 0.0)	(83.0, 0.0)	(84.0, 0.0)	(85.0, 0.0)	(86.0, 0.0)	(87.0, 0.0)	(88.0, 0.0)	(89.0, 0.0)	(90.0, 0.0)	(91.0, 0.0)	(92.0, 0.0)	(93.0, 0.0)	(94.0, 0.0)	(95.0, 0.0)	(96.0, 0.0)	(97.0, 0.0)	(98.0, 0.0)	(99.0, 0.0)	(100.0, 0.0)
dorado_barcode24	(0.0, 0.0)	(1.0, 0.0)	(2.0, 0.0)	(3.0, 0.0)	(4.0, 0.0)	(5.0, 0.0)	(6.0, 0.0)	(7.0, 0.0)	(8.0, 0.0)	(9.0, 0.0)	(10.0, 0.0)	(11.0, 0.0)	(12.0, 0.0)	(13.0, 0.0)	(14.0, 0.0)	(15.0, 0.0)	(16.0, 0.0)	(17.0, 0.0)	(18.0, 0.0)	(19.0, 0.0)	(20.0, 0.0)	(21.0, 0.0)	(22.0, 0.0)	(23.0, 0.0)	(24.0, 0.0)	(25.0, 0.0)	(26.0, 0.0)	(27.0, 0.0)	(28.0, 0.0)	(29.0, 100.0)	(30.0, 0.0)	(31.0, 0.0)	(32.0, 0.0)	(33.0, 0.0)	(34.0, 0.0)	(35.0, 0.0)	(36.0, 0.0)	(37.0, 0.0)	(38.0, 0.0)	(39.0, 0.0)	(40.0, 0.0)	(41.0, 0.0)	(42.0, 0.0)	(43.0, 0.0)	(44.0, 0.0)	(45.0, 0.0)	(46.0, 0.0)	(47.0, 0.0)	(48.0, 0.0)	(49.0, 0.0)	(50.0, 0.0)	(51.0, 0.0)	(52.0, 0.0)	(53.0, 0.0)	(54.0, 0.0)	(55.0, 0.0)	(56.0, 0.0)	(57.0, 0.0)	(58.0, 0.0)	(59.0, 0.0)	(60.0, 0.0)	(61.0, 0.0)	(62.0, 0.0)	(63.0, 0.0)	(64.0, 0.0)	(65.0, 0.0)	(66.0, 0.0)	(67.0, 0.0)	(68.0, 0.0)	(69.0, 0.0)	(70.0, 0.0)	(71.0, 0.0)	(72.0, 0.0)	(73.0, 0.0)	(74.0, 0.0)	(75.0, 0.0)	(76.0, 0.0)	(77.0, 0.0)	(78.0, 0.0)	(79.0, 0.0)	(80.0, 0.0)	(81.0, 0.0)	(82.0, 0.0)	(83.0, 0.0)	(84.0, 0.0)	(85.0, 0.0)	(86.0, 0.0)	(87.0, 0.0)	(88.0, 0.0)	(89.0, 0.0)	(90.0, 0.0)	(91.0, 0.0)	(92.0, 0.0)	(93.0, 0.0)	(94.0, 0.0)	(95.0, 0.0)	(96.0, 0.0)	(97.0, 0.0)	(98.0, 0.0)	(99.0, 0.0)	(100.0, 0.0)
dorado_unclassified	(0.0, 7.359512885723545)	(1.0, 2.8340230179499692)	(2.0, 0.25231107214146975)	(3.0, 0.21698496342484322)	(4.0, 0.19801159334117605)	(5.0, 0.1842808007933371)	(6.0, 0.17194066512720743)	(7.0, 0.16519707649785734)	(8.0, 0.16586856924854432)	(9.0, 0.16325856519919002)	(10.0, 0.15667596925004762)	(11.0, 0.15321643635874474)	(12.0, 0.14855134556515434)	(13.0, 0.150806912679375)	(14.0, 0.15420908934863148)	(15.0, 0.16926196109523856)	(16.0, 0.18899910237898485)	(17.0, 0.20030305939947976)	(18.0, 0.2175527167928478)	(19.0, 0.2562007377279861)	(20.0, 0.28265050750281834)	(21.0, 0.33227864913974603)	(22.0, 0.3979302471505498)	(23.0, 0.45779362260497164)	(24.0, 0.5215838592787119)	(25.0, 0.6055748605852704)	(26.0, 0.7008662468813155)	(27.0, 0.8299508690742203)	(28.0, 0.9593927796675241)	(29.0, 1.0858156978502211)	(30.0, 1.195213400099536)	(31.0, 1.3330210478775961)	(32.0, 1.4296195521961808)	(33.0, 1.591974578837001)	(34.0, 1.7000464015976486)	(35.0, 1.8072056288718858)	(36.0, 1.916712984408907)	(37.0, 1.9947243683676774)	(38.0, 2.0588213344568933)	(39.0, 2.244044020334958)	(40.0, 4.0322949193246265)	(41.0, 3.1467314450762145)	(42.0, 2.0411319385798685)	(43.0, 1.97411605573199)	(44.0, 1.9138456153986418)	(45.0, 1.8809718280496064)	(46.0, 1.8446232757143406)	(47.0, 1.7655488748695751)	(48.0, 1.7820563449235736)	(49.0, 2.1284023390516955)	(50.0, 4.239348035093298)	(51.0, 3.447029148267279)	(52.0, 2.11472745743376)	(53.0, 2.144694201120325)	(54.0, 2.2454351142156153)	(55.0, 2.3412775108439843)	(56.0, 2.4104594964055313)	(57.0, 2.5169212139353077)	(58.0, 2.5431625156024706)	(59.0, 2.4071385369756624)	(60.0, 2.1422613193802746)	(61.0, 1.823076329781572)	(62.0, 1.5327992714454004)	(63.0, 1.2372679472119354)	(64.0, 0.9209967934137852)	(65.0, 0.700100497723595)	(66.0, 0.5517363662172031)	(67.0, 0.4504237190548487)	(68.0, 0.38005212336542893)	(69.0, 0.3225902792684866)	(70.0, 0.2875382619844908)	(71.0, 0.26138028149741144)	(72.0, 0.23908874920439438)	(73.0, 0.25510096846039726)	(74.0, 0.29917009227857905)	(75.0, 0.5047578959767328)	(76.0, 0.581479520406605)	(77.0, 0.465023051570874)	(78.0, 0.31026507642165496)	(79.0, 0.2043898520811626)	(80.0, 0.15773113059787078)	(81.0, 0.10091558871842674)	(82.0, 0.05673884079069768)	(83.0, 0.04116560933384188)	(84.0, 0.03444398813844477)	(85.0, 0.03203670078004092)	(86.0, 0.027999587829828105)	(87.0, 0.0265571922933261)	(88.0, 0.021594649914102936)	(89.0, 0.017484612265831295)	(90.0, 0.0164491704919332)	(91.0, 0.016220261055531197)	(92.0, 0.013460601015024096)	(93.0, 0.011370021546374898)	(94.0, 0.011165214315619986)	(95.0, 0.012661061556236948)	(96.0, 0.0107259736509192)	(97.0, 0.009096532475416284)	(98.0, 0.008076360609014456)	(99.0, 0.009847492321517628)	(100.0, 0.022457950114540194)
