Sample	0	1	2	3	4	5	6	7	8	9	10	11	12	13	14	15	16	17	18	19	20	21	22	23	24	25	26	27	28	29	30	31	32	33	34	35	36	37	38	39	40	41	42	43	44	45	46	47	48	49	50	51	52	53	54	55	56	57	58	59	60	61	62	63	64	65	66	67	68	69	70	71	72	73	74	75	76	77	78	79	80	81	82	83	84	85	86	87	88	89	90	91	92	93	94	95	96	97	98	99	100
dorado_barcode01	(0.0, 1.0)	(1.0, 1.0)	(2.0, 1.0)	(3.0, 0.5)	(4.0, 0.0)	(5.0, 0.0)	(6.0, 0.5)	(7.0, 1.0)	(8.0, 1.5)	(9.0, 2.0)	(10.0, 2.0)	(11.0, 2.0)	(12.0, 2.0)	(13.0, 2.0)	(14.0, 2.090909090909091)	(15.0, 2.0)	(16.0, 1.5)	(17.0, 2.575)	(18.0, 4.342857142857143)	(19.0, 4.257575757575758)	(20.0, 3.0)	(21.0, 4.533333333333333)	(22.0, 5.150000000000001)	(23.0, 3.5904761904761906)	(24.0, 5.108030413183084)	(25.0, 5.739509146767211)	(26.0, 6.887748452264582)	(27.0, 7.80566378066378)	(28.0, 10.815195606862273)	(29.0, 12.744493377066158)	(30.0, 17.241671915417136)	(31.0, 24.426656351646116)	(32.0, 24.77111353993861)	(33.0, 28.151918323152433)	(34.0, 27.378322005577004)	(35.0, 28.218987039318687)	(36.0, 32.41959665997631)	(37.0, 30.159764794531426)	(38.0, 31.956060138224302)	(39.0, 30.519283570066722)	(40.0, 35.592348219190555)	(41.0, 38.168320850111606)	(42.0, 32.85964549066522)	(43.0, 29.54307140755382)	(44.0, 27.67567856677087)	(45.0, 31.745217561583285)	(46.0, 29.09791248874892)	(47.0, 29.512710096355818)	(48.0, 32.06058193143879)	(49.0, 29.002411260595903)	(50.0, 25.222562355062774)	(51.0, 25.893018818782977)	(52.0, 26.833651082940733)	(53.0, 29.041726042052197)	(54.0, 32.18614634705357)	(55.0, 30.632866465396575)	(56.0, 24.469281753111765)	(57.0, 24.146302727054724)	(58.0, 28.40378585308563)	(59.0, 25.368347258546724)	(60.0, 22.988094030597964)	(61.0, 19.49325623814684)	(62.0, 17.846875434821733)	(63.0, 11.421309434833535)	(64.0, 8.342954941687603)	(65.0, 8.375035848639477)	(66.0, 7.647997941473374)	(67.0, 6.741691132977522)	(68.0, 3.041766683553513)	(69.0, 3.044819159335288)	(70.0, 2.190266722524787)	(71.0, 2.639393939393939)	(72.0, 3.4243902439024394)	(73.0, 2.533333333333333)	(74.0, 1.2476190476190476)	(75.0, 1.0)	(76.0, 1.1111111111111112)	(77.0, 1.0)	(78.0, 1.0)	(79.0, 1.0)	(80.0, 1.0)	(81.0, 1.0)	(82.0, 1.0)	(83.0, 1.0)	(84.0, 1.0)	(85.0, 1.0)	(86.0, 0.5)	(87.0, 0.0)	(88.0, 0.0)	(89.0, 0.0)	(90.0, 0.0)	(91.0, 0.0)	(92.0, 0.0)	(93.0, 0.0)	(94.0, 0.0)	(95.0, 0.0)	(96.0, 0.0)	(97.0, 0.0)	(98.0, 0.0)	(99.0, 0.0)	(100.0, 0.0)
dorado_barcode02	(0.0, 2.0)	(1.0, 1.8333333333333333)	(2.0, 1.0)	(3.0, 1.0)	(4.0, 1.0)	(5.0, 1.5)	(6.0, 2.6)	(7.0, 3.916666666666667)	(8.0, 4.791666666666666)	(9.0, 6.090909090909091)	(10.0, 6.5)	(11.0, 7.345679012345679)	(12.0, 8.858333333333334)	(13.0, 11.56868686868687)	(14.0, 13.292929292929294)	(15.0, 14.125541125541124)	(16.0, 14.912918382430577)	(17.0, 21.996969696969693)	(18.0, 26.31701044053985)	(19.0, 24.355383197049857)	(20.0, 28.294550692004826)	(21.0, 36.77381784881784)	(22.0, 44.341153407940276)	(23.0, 49.33141326721186)	(24.0, 56.99599940692788)	(25.0, 76.20631431792816)	(26.0, 92.33436082168865)	(27.0, 109.96100282234882)	(28.0, 142.14290579698707)	(29.0, 175.187138300633)	(30.0, 213.96520262692388)	(31.0, 244.127493853165)	(32.0, 295.4783685306346)	(33.0, 332.93806024252984)	(34.0, 395.9154561768649)	(35.0, 448.86111694996816)	(36.0, 513.8527721813097)	(37.0, 542.5654182810881)	(38.0, 570.605767733707)	(39.0, 601.7538827500032)	(40.0, 592.3869632452809)	(41.0, 586.7579160475366)	(42.0, 582.1295873170717)	(43.0, 551.4087597348416)	(44.0, 557.5726043971524)	(45.0, 575.5894514761959)	(46.0, 604.4760142388955)	(47.0, 600.7894373027383)	(48.0, 615.3442586819308)	(49.0, 655.0311780131483)	(50.0, 671.5199195467795)	(51.0, 709.5147791834336)	(52.0, 769.9280735435465)	(53.0, 777.7682314394045)	(54.0, 773.7346565207764)	(55.0, 752.2276453222415)	(56.0, 719.5813428439494)	(57.0, 670.2592304465791)	(58.0, 617.6594288923968)	(59.0, 585.8295017425256)	(60.0, 566.718467433109)	(61.0, 530.5791870546849)	(62.0, 483.4518090319512)	(63.0, 452.1291326549715)	(64.0, 411.0832218918716)	(65.0, 364.1634265978724)	(66.0, 319.694891544192)	(67.0, 249.5414821823492)	(68.0, 208.39731257853035)	(69.0, 166.99955566310982)	(70.0, 122.24196265226952)	(71.0, 86.66544698519081)	(72.0, 56.95712250103952)	(73.0, 43.05649753356749)	(74.0, 34.22871251397035)	(75.0, 24.71412033804506)	(76.0, 17.44772727272727)	(77.0, 15.833730158730157)	(78.0, 9.230952380952381)	(79.0, 5.290909090909091)	(80.0, 4.0)	(81.0, 3.25)	(82.0, 3.590909090909091)	(83.0, 4.0)	(84.0, 3.5)	(85.0, 2.5)	(86.0, 2.0)	(87.0, 2.0)	(88.0, 1.5)	(89.0, 1.0)	(90.0, 1.0)	(91.0, 1.0)	(92.0, 1.0)	(93.0, 1.0)	(94.0, 0.5)	(95.0, 0.0)	(96.0, 0.0)	(97.0, 0.0)	(98.0, 0.0)	(99.0, 0.0)	(100.0, 0.0)
dorado_barcode03	(0.0, 0.0)	(1.0, 0.0)	(2.0, 0.0)	(3.0, 0.0)	(4.0, 0.0)	(5.0, 0.0)	(6.0, 0.0)	(7.0, 0.0)	(8.0, 0.0)	(9.0, 0.0)	(10.0, 0.0)	(11.0, 0.0)	(12.0, 0.0)	(13.0, 0.0)	(14.0, 0.0)	(15.0, 0.2)	(16.0, 0.2)	(17.0, 0.5)	(18.0, 0.8333333333333333)	(19.0, 0.4583333333333333)	(20.0, 0.0)	(21.0, 0.3333333333333333)	(22.0, 0.25)	(23.0, 0.5909090909090909)	(24.0, 1.2234848484848484)	(25.0, 1.6862745098039214)	(26.0, 0.5066225165562914)	(27.0, 1.3928571428571428)	(28.0, 3.4004329004329)	(29.0, 4.898924731182796)	(30.0, 4.331457431457432)	(31.0, 4.317893217893219)	(32.0, 5.499242424242425)	(33.0, 6.286480534436303)	(34.0, 7.499517149517149)	(35.0, 10.175391502850522)	(36.0, 9.361976911976914)	(37.0, 5.614139551325635)	(38.0, 7.851518671030865)	(39.0, 9.70932429708005)	(40.0, 11.619985569985573)	(41.0, 8.8602291849394)	(42.0, 5.8946799932094045)	(43.0, 3.5081774244638133)	(44.0, 2.8690456414997842)	(45.0, 2.616439656394655)	(46.0, 4.351403553173813)	(47.0, 4.896511312797701)	(48.0, 4.530280373523934)	(49.0, 6.292991245991013)	(50.0, 4.083363819279312)	(51.0, 6.766181130124636)	(52.0, 6.101938057725534)	(53.0, 4.471399960193063)	(54.0, 2.7925981428978144)	(55.0, 2.1011446511446508)	(56.0, 3.3125510822404007)	(57.0, 3.6861364363144196)	(58.0, 2.8086865078153624)	(59.0, 3.7238429640493687)	(60.0, 4.650650506628722)	(61.0, 5.275766260604623)	(62.0, 4.229684054838294)	(63.0, 2.0558546576249173)	(64.0, 0.9703893776474423)	(65.0, 1.6492424242424242)	(66.0, 1.7159090909090908)	(67.0, 1.3)	(68.0, 0.2)	(69.0, 0.5)	(70.0, 0.5)	(71.0, 0.0)	(72.0, 0.14285714285714285)	(73.0, 0.0)	(74.0, 0.0)	(75.0, 0.0)	(76.0, 0.0)	(77.0, 0.5)	(78.0, 0.5)	(79.0, 0.0)	(80.0, 0.0)	(81.0, 0.0)	(82.0, 0.0)	(83.0, 0.0)	(84.0, 0.0)	(85.0, 0.0)	(86.0, 0.0)	(87.0, 0.0)	(88.0, 0.0)	(89.0, 0.0)	(90.0, 0.0)	(91.0, 0.0)	(92.0, 0.0)	(93.0, 0.0)	(94.0, 0.0)	(95.0, 0.0)	(96.0, 0.0)	(97.0, 0.0)	(98.0, 0.0)	(99.0, 0.0)	(100.0, 0.0)
dorado_barcode04	(0.0, 0.0)	(1.0, 0.0)	(2.0, 0.0)	(3.0, 0.0)	(4.0, 0.0)	(5.0, 0.0)	(6.0, 0.0)	(7.0, 0.0)	(8.0, 0.0)	(9.0, 0.0)	(10.0, 0.0)	(11.0, 0.0)	(12.0, 0.0)	(13.0, 0.14285714285714285)	(14.0, 0.14285714285714285)	(15.0, 0.0)	(16.0, 0.5909090909090909)	(17.0, 1.0)	(18.0, 1.2)	(19.0, 1.0)	(20.0, 1.1666666666666667)	(21.0, 1.0833333333333333)	(22.0, 1.8583333333333332)	(23.0, 1.5901515151515149)	(24.0, 1.1833333333333333)	(25.0, 1.9916666666666665)	(26.0, 3.204437229437229)	(27.0, 5.68265266352083)	(28.0, 9.648124098124098)	(29.0, 11.430310012568079)	(30.0, 11.881375287162765)	(31.0, 14.84141112945667)	(32.0, 12.928135572947438)	(33.0, 10.709458756448761)	(34.0, 12.428068775282195)	(35.0, 13.301963318451664)	(36.0, 12.63458168084107)	(37.0, 11.880841143886686)	(38.0, 9.225187625036684)	(39.0, 13.73101649858141)	(40.0, 15.554440996956899)	(41.0, 10.124445776431845)	(42.0, 10.86254954286032)	(43.0, 11.711927469485207)	(44.0, 10.034376409102544)	(45.0, 12.293372332097821)	(46.0, 11.149216507956131)	(47.0, 12.269125472186813)	(48.0, 14.01391819807638)	(49.0, 14.025421742499548)	(50.0, 14.955346103734552)	(51.0, 12.462075142862624)	(52.0, 9.825882963111823)	(53.0, 9.330987175818665)	(54.0, 10.54648533650507)	(55.0, 10.123886804802856)	(56.0, 8.17186274872587)	(57.0, 7.062151126182681)	(58.0, 8.120091047264216)	(59.0, 9.535115779814475)	(60.0, 7.730372643091637)	(61.0, 5.3203248718889675)	(62.0, 5.908991538318412)	(63.0, 5.836052925569055)	(64.0, 6.288643345901409)	(65.0, 3.822294372294372)	(66.0, 2.6789392179636082)	(67.0, 1.6879579202159847)	(68.0, 1.5315449577744658)	(69.0, 2.227777777777778)	(70.0, 1.9444444444444444)	(71.0, 1.75)	(72.0, 2.392857142857143)	(73.0, 2.3095238095238093)	(74.0, 1.5)	(75.0, 0.5163934426229508)	(76.0, 0.0)	(77.0, 0.0)	(78.0, 0.0)	(79.0, 0.0)	(80.0, 0.14285714285714285)	(81.0, 0.0)	(82.0, 0.0)	(83.0, 0.0)	(84.0, 0.0)	(85.0, 0.0)	(86.0, 0.0)	(87.0, 0.0)	(88.0, 0.0)	(89.0, 0.0)	(90.0, 0.0)	(91.0, 0.0)	(92.0, 0.0)	(93.0, 0.0)	(94.0, 0.0)	(95.0, 0.0)	(96.0, 0.0)	(97.0, 0.0)	(98.0, 0.0)	(99.0, 0.0)	(100.0, 0.0)
dorado_barcode05	(0.0, 5.0)	(1.0, 5.111111111111111)	(2.0, 4.5)	(3.0, 4.465909090909091)	(4.0, 5.548484848484849)	(5.0, 8.287317397078354)	(6.0, 11.083333333333334)	(7.0, 13.25)	(8.0, 17.008333333333333)	(9.0, 21.067857142857143)	(10.0, 23.49206349206349)	(11.0, 30.361976911976907)	(12.0, 34.31439393939394)	(13.0, 33.89979393300426)	(14.0, 37.45064935064936)	(15.0, 44.26825921700445)	(16.0, 48.67740189917612)	(17.0, 51.05124051575668)	(18.0, 53.10519359662888)	(19.0, 73.14584328164193)	(20.0, 99.4256361984479)	(21.0, 123.89649153581564)	(22.0, 150.22497187163432)	(23.0, 185.97274953739324)	(24.0, 247.98833453686206)	(25.0, 303.07276229444494)	(26.0, 344.5690120479156)	(27.0, 452.47789517260134)	(28.0, 586.9722233039679)	(29.0, 719.0754526709017)	(30.0, 884.8902663096696)	(31.0, 1105.7549556278411)	(32.0, 1331.8006167295114)	(33.0, 1549.469038135757)	(34.0, 1797.7012253044497)	(35.0, 2017.7603456953216)	(36.0, 2163.4581215487065)	(37.0, 2271.1534793037704)	(38.0, 2337.879568141517)	(39.0, 2298.1561743518027)	(40.0, 2289.2353028125995)	(41.0, 2188.467230760702)	(42.0, 2101.897652802324)	(43.0, 2090.9844857745375)	(44.0, 2118.636496351316)	(45.0, 2146.2189520838524)	(46.0, 2291.436226864838)	(47.0, 2467.0125896725463)	(48.0, 2731.335311591426)	(49.0, 3008.00851752433)	(50.0, 3246.291021570633)	(51.0, 3486.826726190175)	(52.0, 3643.5264489861293)	(53.0, 3614.8187971099783)	(54.0, 3450.089729455212)	(55.0, 3150.26736971321)	(56.0, 2798.1643510411996)	(57.0, 2466.574244760899)	(58.0, 2232.162679501982)	(59.0, 2100.388904281836)	(60.0, 2039.4549534482705)	(61.0, 2000.632589900536)	(62.0, 1799.173682974853)	(63.0, 1495.5420323351618)	(64.0, 1188.270521820582)	(65.0, 940.5517222169098)	(66.0, 751.213160034079)	(67.0, 608.6538289585619)	(68.0, 479.04644288240314)	(69.0, 355.36400142152263)	(70.0, 249.470982234093)	(71.0, 178.2002722179087)	(72.0, 127.42175468100169)	(73.0, 88.11204590480074)	(74.0, 64.17534386338949)	(75.0, 50.387312089082414)	(76.0, 38.05788312035307)	(77.0, 33.39862914862914)	(78.0, 25.94192271143491)	(79.0, 21.454112554112555)	(80.0, 16.291132523390587)	(81.0, 11.242171717171718)	(82.0, 9.340584415584416)	(83.0, 9.594877344877345)	(84.0, 9.89090909090909)	(85.0, 9.450000000000001)	(86.0, 8.833333333333334)	(87.0, 7.5)	(88.0, 7.75)	(89.0, 7.5)	(90.0, 5.833333333333333)	(91.0, 4.333333333333333)	(92.0, 4.0)	(93.0, 3.833333333333333)	(94.0, 2.833333333333333)	(95.0, 2.333333333333333)	(96.0, 2.0)	(97.0, 2.0)	(98.0, 2.0)	(99.0, 2.0)	(100.0, 2.0)
dorado_barcode06	(0.0, 0.0)	(1.0, 0.0)	(2.0, 0.0)	(3.0, 0.0)	(4.0, 0.0)	(5.0, 0.0)	(6.0, 0.0)	(7.0, 0.0)	(8.0, 0.0)	(9.0, 0.5)	(10.0, 0.5)	(11.0, 0.0)	(12.0, 0.0)	(13.0, 0.0)	(14.0, 0.0)	(15.0, 0.5)	(16.0, 1.0)	(17.0, 0.625)	(18.0, 0.0)	(19.0, 0.5)	(20.0, 1.0)	(21.0, 1.2575757575757576)	(22.0, 1.6666666666666665)	(23.0, 1.5)	(24.0, 2.6910569105691056)	(25.0, 2.0476190476190474)	(26.0, 2.6488095238095237)	(27.0, 5.252813852813852)	(28.0, 3.5052526354053066)	(29.0, 4.291666666666666)	(30.0, 4.026172953429796)	(31.0, 4.440584415584416)	(32.0, 7.536803519061582)	(33.0, 8.98383093114348)	(34.0, 9.433261690819426)	(35.0, 7.470693220909032)	(36.0, 8.023034903095839)	(37.0, 3.915404081182461)	(38.0, 4.732137837218553)	(39.0, 5.833546771592313)	(40.0, 6.686279178461328)	(41.0, 5.1951989248254105)	(42.0, 5.245061239573435)	(43.0, 6.147691197691197)	(44.0, 5.487755372284139)	(45.0, 7.36051939181204)	(46.0, 8.316622123191525)	(47.0, 6.661595371293497)	(48.0, 4.665992020618506)	(49.0, 6.114484869522111)	(50.0, 5.767072924618611)	(51.0, 4.401793459016062)	(52.0, 4.945296788338395)	(53.0, 6.24775772013789)	(54.0, 3.462403581915777)	(55.0, 5.051832225579652)	(56.0, 5.244878157371511)	(57.0, 5.542589427118191)	(58.0, 4.176235437613596)	(59.0, 5.667431214616297)	(60.0, 5.014514456254755)	(61.0, 5.860705123113494)	(62.0, 6.21256109481916)	(63.0, 3.588323392440096)	(64.0, 3.2656565656565655)	(65.0, 2.0618105013266304)	(66.0, 1.7048771121351767)	(67.0, 3.3611111111111116)	(68.0, 1.424242424242424)	(69.0, 1.8680926916221032)	(70.0, 1.5)	(71.0, 1.3666666666666667)	(72.0, 1.0)	(73.0, 0.2)	(74.0, 0.7)	(75.0, 1.1)	(76.0, 0.5)	(77.0, 0.0)	(78.0, 0.0)	(79.0, 0.0)	(80.0, 0.0)	(81.0, 0.0)	(82.0, 0.0)	(83.0, 0.0)	(84.0, 0.0)	(85.0, 0.0)	(86.0, 0.0)	(87.0, 0.0)	(88.0, 0.0)	(89.0, 0.0)	(90.0, 0.0)	(91.0, 0.0)	(92.0, 0.0)	(93.0, 0.0)	(94.0, 0.0)	(95.0, 0.0)	(96.0, 0.0)	(97.0, 0.0)	(98.0, 0.0)	(99.0, 0.0)	(100.0, 0.0)
dorado_barcode07	(0.0, 0.0)	(1.0, 0.0)	(2.0, 0.0)	(3.0, 0.0)	(4.0, 0.0)	(5.0, 0.0)	(6.0, 0.0)	(7.0, 0.0)	(8.0, 0.0)	(9.0, 0.0)	(10.0, 0.0)	(11.0, 0.0)	(12.0, 0.0)	(13.0, 0.0)	(14.0, 0.3333333333333333)	(15.0, 0.6666666666666666)	(16.0, 0.3333333333333333)	(17.0, 0.0)	(18.0, 0.0)	(19.0, 0.25)	(20.0, 1.0)	(21.0, 1.5909090909090908)	(22.0, 1.5)	(23.0, 2.090909090909091)	(24.0, 1.5909090909090908)	(25.0, 1.4004329004329004)	(26.0, 1.6186868686868687)	(27.0, 2.642857142857143)	(28.0, 4.9573732718894)	(29.0, 3.50952380952381)	(30.0, 3.365909090909091)	(31.0, 3.371861471861472)	(32.0, 7.8460678210678205)	(33.0, 8.970748369277782)	(34.0, 8.085071917329982)	(35.0, 8.285746772766103)	(36.0, 7.144614489342495)	(37.0, 7.396738616261575)	(38.0, 7.39069430041138)	(39.0, 6.68763324489131)	(40.0, 5.940787149274722)	(41.0, 6.925144300144299)	(42.0, 10.247806405064468)	(43.0, 11.276252632040107)	(44.0, 11.873684322213734)	(45.0, 10.514041205707873)	(46.0, 7.963269138568811)	(47.0, 9.341704863763685)	(48.0, 9.80005145128096)	(49.0, 8.822740779494334)	(50.0, 9.146137977126)	(51.0, 6.376313757004814)	(52.0, 7.769534684449784)	(53.0, 9.767446848938125)	(54.0, 10.015739266457967)	(55.0, 8.163985386711847)	(56.0, 9.861049382099456)	(57.0, 12.167688669397803)	(58.0, 10.198808811130018)	(59.0, 5.4967275795143)	(60.0, 4.774285197970304)	(61.0, 2.5535916104506797)	(62.0, 3.468753539559789)	(63.0, 3.0649817880345025)	(64.0, 1.872409579667644)	(65.0, 1.6965367965367963)	(66.0, 0.8718614718614719)	(67.0, 0.24963924963924963)	(68.0, 0.09090909090909091)	(69.0, 0.125)	(70.0, 0.25)	(71.0, 0.25)	(72.0, 0.2976190476190476)	(73.0, 0.0)	(74.0, 0.0)	(75.0, 0.0)	(76.0, 0.0)	(77.0, 0.0)	(78.0, 0.0)	(79.0, 0.0)	(80.0, 0.0)	(81.0, 0.0)	(82.0, 0.0)	(83.0, 0.0)	(84.0, 0.0)	(85.0, 0.0)	(86.0, 0.0)	(87.0, 0.0)	(88.0, 0.0)	(89.0, 0.0)	(90.0, 0.0)	(91.0, 0.0)	(92.0, 0.0)	(93.0, 0.0)	(94.0, 0.0)	(95.0, 0.0)	(96.0, 0.0)	(97.0, 0.0)	(98.0, 0.0)	(99.0, 0.0)	(100.0, 0.0)
dorado_barcode08	(0.0, 0.0)	(1.0, 0.0)	(2.0, 0.0)	(3.0, 0.0)	(4.0, 0.0)	(5.0, 0.0)	(6.0, 0.0)	(7.0, 0.0)	(8.0, 0.0)	(9.0, 0.0)	(10.0, 0.0)	(11.0, 0.0)	(12.0, 0.5)	(13.0, 0.5)	(14.0, 0.6428571428571428)	(15.0, 1.0)	(16.0, 0.5)	(17.0, 0.0)	(18.0, 0.5)	(19.0, 0.5)	(20.0, 0.6666666666666666)	(21.0, 0.9166666666666665)	(22.0, 1.5)	(23.0, 2.14336917562724)	(24.0, 1.5)	(25.0, 1.924242424242424)	(26.0, 2.2575757575757573)	(27.0, 5.574675324675325)	(28.0, 6.811976911976912)	(29.0, 5.672924258839753)	(30.0, 5.761999137214948)	(31.0, 8.154585049097244)	(32.0, 9.389393939393939)	(33.0, 7.869217638729834)	(34.0, 13.619248779182556)	(35.0, 15.462141983578677)	(36.0, 11.338519905090921)	(37.0, 9.595111976956876)	(38.0, 9.579425866692011)	(39.0, 10.05031041082981)	(40.0, 10.93301277115216)	(41.0, 10.029293436851175)	(42.0, 10.252316266109371)	(43.0, 9.267300889075084)	(44.0, 5.418123689406143)	(45.0, 3.9168610631435183)	(46.0, 6.158441558441559)	(47.0, 5.4958768715718636)	(48.0, 4.894446142389727)	(49.0, 8.171952842051866)	(50.0, 8.459679892305056)	(51.0, 5.731072390254953)	(52.0, 6.280584695111688)	(53.0, 7.240093023330709)	(54.0, 7.68656664676428)	(55.0, 8.330341750095258)	(56.0, 8.433742814327381)	(57.0, 9.98267971410724)	(58.0, 11.862004656697696)	(59.0, 12.908797603198455)	(60.0, 11.055876526628115)	(61.0, 5.502698458112289)	(62.0, 4.348051948051948)	(63.0, 4.376537376753187)	(64.0, 2.7879183824305773)	(65.0, 2.865069370856847)	(66.0, 2.653568416613957)	(67.0, 2.4642857142857144)	(68.0, 2.690909090909091)	(69.0, 2.340909090909091)	(70.0, 1.5)	(71.0, 1.4583333333333333)	(72.0, 1.424242424242424)	(73.0, 0.8333333333333333)	(74.0, 0.0)	(75.0, 0.5)	(76.0, 0.5)	(77.0, 0.0)	(78.0, 0.0)	(79.0, 0.0)	(80.0, 0.0)	(81.0, 0.0)	(82.0, 0.0)	(83.0, 0.0)	(84.0, 0.0)	(85.0, 0.0)	(86.0, 0.0)	(87.0, 0.0)	(88.0, 0.0)	(89.0, 0.0)	(90.0, 0.0)	(91.0, 0.0)	(92.0, 0.0)	(93.0, 0.0)	(94.0, 0.0)	(95.0, 0.0)	(96.0, 0.0)	(97.0, 0.0)	(98.0, 0.0)	(99.0, 0.0)	(100.0, 0.0)
dorado_barcode09	(0.0, 0.0)	(1.0, 0.0)	(2.0, 0.0)	(3.0, 0.0)	(4.0, 0.0)	(5.0, 1.0)	(6.0, 2.0)	(7.0, 2.5)	(8.0, 3.0)	(9.0, 3.090909090909091)	(10.0, 4.090909090909091)	(11.0, 4.75)	(12.0, 4.0)	(13.0, 5.590909090909091)	(14.0, 7.75)	(15.0, 8.25)	(16.0, 10.05959595959596)	(17.0, 8.407575757575756)	(18.0, 8.433766233766233)	(19.0, 12.774242424242425)	(20.0, 17.241666666666667)	(21.0, 23.747294372294366)	(22.0, 27.854624586882643)	(23.0, 30.939862914862903)	(24.0, 43.89159451659453)	(25.0, 64.49853840756677)	(26.0, 80.85896057347678)	(27.0, 96.47168274414035)	(28.0, 121.50490385449261)	(29.0, 148.75462853664988)	(30.0, 175.50664707758048)	(31.0, 205.08476007452265)	(32.0, 231.63668819397165)	(33.0, 253.86354683195577)	(34.0, 283.3464865319367)	(35.0, 305.4679173432426)	(36.0, 309.3158982964405)	(37.0, 340.6321189394119)	(38.0, 364.73429218971035)	(39.0, 347.21173906653405)	(40.0, 343.7791991657916)	(41.0, 333.4785965725241)	(42.0, 336.677065531026)	(43.0, 341.2647488616416)	(44.0, 332.8277891907148)	(45.0, 322.28130407390955)	(46.0, 338.54105623807607)	(47.0, 345.80394367990624)	(48.0, 361.06773685714126)	(49.0, 347.1504153068371)	(50.0, 346.3841318574405)	(51.0, 357.57337586165846)	(52.0, 360.44460018707963)	(53.0, 376.22676605249654)	(54.0, 374.3446066346616)	(55.0, 342.4465563194385)	(56.0, 329.28136630868124)	(57.0, 317.17858217518665)	(58.0, 275.60325821191856)	(59.0, 244.1497141177471)	(60.0, 204.4579959758566)	(61.0, 173.1440853420169)	(62.0, 162.2563964485261)	(63.0, 142.8190663642678)	(64.0, 122.68541171267594)	(65.0, 103.41119556688683)	(66.0, 83.36095591342674)	(67.0, 62.380755233532824)	(68.0, 48.550641936843284)	(69.0, 35.13899027801466)	(70.0, 25.254395831854847)	(71.0, 20.2754329004329)	(72.0, 14.651261026019952)	(73.0, 9.221861471861473)	(74.0, 7.4635281385281385)	(75.0, 4.642857142857142)	(76.0, 4.5)	(77.0, 3.611111111111111)	(78.0, 2.25)	(79.0, 0.6666666666666666)	(80.0, 0.5)	(81.0, 0.5)	(82.0, 0.0)	(83.0, 0.5)	(84.0, 0.5)	(85.0, 0.0)	(86.0, 0.0)	(87.0, 0.0)	(88.0, 0.0)	(89.0, 0.0)	(90.0, 0.0)	(91.0, 0.0)	(92.0, 0.0)	(93.0, 0.0)	(94.0, 0.0)	(95.0, 0.0)	(96.0, 0.0)	(97.0, 0.0)	(98.0, 0.0)	(99.0, 0.0)	(100.0, 0.0)
dorado_barcode10	(0.0, 2.0)	(1.0, 1.5)	(2.0, 1.5)	(3.0, 2.8333333333333335)	(4.0, 2.8333333333333335)	(5.0, 2.397382029734971)	(6.0, 5.0)	(7.0, 8.125)	(8.0, 9.5)	(9.0, 9.547619047619047)	(10.0, 8.866666666666667)	(11.0, 9.866666666666667)	(12.0, 11.017099567099567)	(13.0, 11.643087614370069)	(14.0, 16.805194805194805)	(15.0, 24.9758100810081)	(16.0, 30.664076246334304)	(17.0, 34.95638528138527)	(18.0, 41.919446566505385)	(19.0, 51.27857142857144)	(20.0, 59.477453102453126)	(21.0, 58.942609999627024)	(22.0, 68.88473176674879)	(23.0, 92.22791060907855)	(24.0, 99.09630431618665)	(25.0, 118.86569209590738)	(26.0, 160.0787119145841)	(27.0, 193.61563598781711)	(28.0, 235.9847352670482)	(29.0, 280.4680442908129)	(30.0, 332.76280570702164)	(31.0, 395.6451029927101)	(32.0, 459.67944279251554)	(33.0, 527.9981152684616)	(34.0, 602.5443537161382)	(35.0, 683.3789651498116)	(36.0, 749.1199283723087)	(37.0, 783.0846472700077)	(38.0, 813.284436900957)	(39.0, 865.2434570158447)	(40.0, 867.4244675705468)	(41.0, 880.7896532673934)	(42.0, 905.3240513427548)	(43.0, 937.8563343326045)	(44.0, 943.2653328341751)	(45.0, 973.7810649878794)	(46.0, 1020.326723290794)	(47.0, 1042.8420771811952)	(48.0, 1092.7265531733728)	(49.0, 1151.1683904918357)	(50.0, 1213.9534245164352)	(51.0, 1238.443653113326)	(52.0, 1230.167801495543)	(53.0, 1254.505158521926)	(54.0, 1258.126790110796)	(55.0, 1192.1080734541467)	(56.0, 1143.1349170089152)	(57.0, 1081.1490142654873)	(58.0, 992.2588568493023)	(59.0, 921.8544554709803)	(60.0, 843.7736597017677)	(61.0, 782.2336159887733)	(62.0, 716.1334377755876)	(63.0, 648.6953416965598)	(64.0, 572.8205292015491)	(65.0, 487.2182103739271)	(66.0, 412.2821784148473)	(67.0, 352.1573831696641)	(68.0, 268.7144507085513)	(69.0, 215.22414455853672)	(70.0, 164.34960544573786)	(71.0, 118.60801078201285)	(72.0, 94.69742722883524)	(73.0, 68.8775507532458)	(74.0, 53.7612193362194)	(75.0, 42.18401875901879)	(76.0, 32.92943722943723)	(77.0, 24.866666666666664)	(78.0, 19.59848484848485)	(79.0, 16.333333333333336)	(80.0, 13.75)	(81.0, 11.007575757575758)	(82.0, 6.0)	(83.0, 4.5)	(84.0, 4.5)	(85.0, 4.75)	(86.0, 4.0)	(87.0, 4.5)	(88.0, 4.5)	(89.0, 4.0)	(90.0, 3.0)	(91.0, 2.0)	(92.0, 1.0)	(93.0, 0.0)	(94.0, 0.0)	(95.0, 0.0)	(96.0, 0.0)	(97.0, 0.0)	(98.0, 0.0)	(99.0, 0.0)	(100.0, 0.0)
dorado_barcode11	(0.0, 0.5)	(1.0, 0.0)	(2.0, 0.0)	(3.0, 0.0)	(4.0, 0.0)	(5.0, 0.125)	(6.0, 0.1111111111111111)	(7.0, 0.0)	(8.0, 1.25)	(9.0, 2.0)	(10.0, 5.476190476190476)	(11.0, 8.0)	(12.0, 8.924242424242424)	(13.0, 10.015151515151516)	(14.0, 11.524242424242424)	(15.0, 12.333333333333332)	(16.0, 13.47403993855607)	(17.0, 16.088528138528137)	(18.0, 18.217496392496393)	(19.0, 19.76313131313131)	(20.0, 22.666096448354512)	(21.0, 25.44556629007848)	(22.0, 29.58949433376544)	(23.0, 34.75416752490923)	(24.0, 44.784698096304005)	(25.0, 54.50478773903192)	(26.0, 69.78819633817113)	(27.0, 82.63566318642023)	(28.0, 105.80402873499526)	(29.0, 128.8681032793119)	(30.0, 149.04975015932894)	(31.0, 182.291595700832)	(32.0, 225.0110016373024)	(33.0, 255.84632155617297)	(34.0, 298.10127019877166)	(35.0, 334.3633748128588)	(36.0, 381.9332378151191)	(37.0, 419.68833558613255)	(38.0, 456.1027132000964)	(39.0, 449.17049231073156)	(40.0, 457.3007584767896)	(41.0, 489.47339957536246)	(42.0, 510.118719820742)	(43.0, 537.6486435305247)	(44.0, 562.7612868462372)	(45.0, 578.5349569811827)	(46.0, 591.6277457812706)	(47.0, 627.9413959964443)	(48.0, 683.5160291005474)	(49.0, 730.864587210947)	(50.0, 773.1267835840182)	(51.0, 827.16318356737)	(52.0, 871.8817113423656)	(53.0, 907.4703346846732)	(54.0, 913.4621548688211)	(55.0, 876.6055383985649)	(56.0, 825.6446664763137)	(57.0, 780.1383374652922)	(58.0, 746.03174523701)	(59.0, 715.208457799088)	(60.0, 720.1265261223258)	(61.0, 687.4815200183298)	(62.0, 654.2477445867017)	(63.0, 578.2320931961748)	(64.0, 487.19108416751453)	(65.0, 411.5645875250095)	(66.0, 374.5311646410899)	(67.0, 300.4777265962228)	(68.0, 227.14148452966737)	(69.0, 176.75111750683547)	(70.0, 125.883032490168)	(71.0, 104.90420786769818)	(72.0, 82.72352265010674)	(73.0, 57.426711410498704)	(74.0, 44.355073123114735)	(75.0, 35.43147243039716)	(76.0, 21.198160173160165)	(77.0, 15.836147186147183)	(78.0, 12.98459595959596)	(79.0, 10.22348484848485)	(80.0, 6.25)	(81.0, 5.25)	(82.0, 4.0)	(83.0, 4.0)	(84.0, 3.8333333333333335)	(85.0, 3.5)	(86.0, 4.0)	(87.0, 4.0)	(88.0, 4.0)	(89.0, 4.0)	(90.0, 2.5)	(91.0, 0.5)	(92.0, 0.0)	(93.0, 0.0)	(94.0, 0.0)	(95.0, 0.0)	(96.0, 0.0)	(97.0, 0.0)	(98.0, 0.0)	(99.0, 0.0)	(100.0, 0.0)
dorado_barcode12	(0.0, 0.0)	(1.0, 0.0)	(2.0, 0.0)	(3.0, 0.0)	(4.0, 0.0)	(5.0, 0.0)	(6.0, 0.0)	(7.0, 0.0)	(8.0, 0.0)	(9.0, 0.0)	(10.0, 0.6428571428571428)	(11.0, 0.976190476190476)	(12.0, 0.3333333333333333)	(13.0, 0.0)	(14.0, 0.0)	(15.0, 0.0)	(16.0, 0.0)	(17.0, 0.0)	(18.0, 0.0)	(19.0, 0.5)	(20.0, 1.0909090909090908)	(21.0, 1.0)	(22.0, 1.565909090909091)	(23.0, 1.0909090909090908)	(24.0, 1.349357631615696)	(25.0, 2.1504329004329)	(26.0, 2.4242424242424243)	(27.0, 3.8011904761904765)	(28.0, 3.4723458235753317)	(29.0, 5.221103896103896)	(30.0, 9.916144639674053)	(31.0, 12.806500488758557)	(32.0, 11.43589475041088)	(33.0, 13.116079110591304)	(34.0, 15.011767444025509)	(35.0, 14.180076527660763)	(36.0, 14.174312466017641)	(37.0, 12.840449673052726)	(38.0, 15.478972468488598)	(39.0, 18.7917541929837)	(40.0, 21.22887328504439)	(41.0, 19.608084835154767)	(42.0, 22.134366827262998)	(43.0, 28.886803519061584)	(44.0, 63.21840773501431)	(45.0, 83.7489042919459)	(46.0, 51.59901949931917)	(47.0, 20.705205306975568)	(48.0, 19.725735465251592)	(49.0, 15.09908440757198)	(50.0, 9.331732315219888)	(51.0, 7.743714854513439)	(52.0, 7.378360373388051)	(53.0, 10.967649209351567)	(54.0, 10.242099211768014)	(55.0, 9.370219689342894)	(56.0, 9.793355027264026)	(57.0, 12.175625009067467)	(58.0, 9.652520092636863)	(59.0, 7.91366342030193)	(60.0, 6.304590012581573)	(61.0, 5.035865902746519)	(62.0, 6.758405483405483)	(63.0, 6.933376447400838)	(64.0, 5.436226318484382)	(65.0, 3.678009604239113)	(66.0, 1.789393939393939)	(67.0, 1.9194444444444445)	(68.0, 1.2833333333333332)	(69.0, 0.6742424242424242)	(70.0, 0.8409090909090909)	(71.0, 1.0)	(72.0, 1.0)	(73.0, 1.0)	(74.0, 1.0)	(75.0, 1.0)	(76.0, 1.0)	(77.0, 1.1428571428571428)	(78.0, 1.0)	(79.0, 1.0)	(80.0, 1.0)	(81.0, 1.0)	(82.0, 1.0)	(83.0, 1.0)	(84.0, 1.0)	(85.0, 1.0)	(86.0, 1.0)	(87.0, 1.0)	(88.0, 1.0)	(89.0, 1.0)	(90.0, 0.5)	(91.0, 0.0)	(92.0, 0.0)	(93.0, 0.0)	(94.0, 0.0)	(95.0, 0.0)	(96.0, 0.0)	(97.0, 0.0)	(98.0, 0.0)	(99.0, 0.0)	(100.0, 0.0)
dorado_barcode13	(0.0, 0.0)	(1.0, 0.0)	(2.0, 0.0)	(3.0, 0.0)	(4.0, 0.0)	(5.0, 0.0)	(6.0, 0.0)	(7.0, 0.0)	(8.0, 0.0)	(9.0, 0.0)	(10.0, 0.0)	(11.0, 0.6428571428571428)	(12.0, 0.5)	(13.0, 0.0)	(14.0, 0.0)	(15.0, 0.0)	(16.0, 0.0)	(17.0, 0.0)	(18.0, 0.0)	(19.0, 0.0)	(20.0, 0.9242424242424243)	(21.0, 0.8333333333333333)	(22.0, 0.0)	(23.0, 0.8333333333333333)	(24.0, 2.083333333333333)	(25.0, 2.5)	(26.0, 3.3317652053631344)	(27.0, 2.248484848484848)	(28.0, 1.6863897171771933)	(29.0, 2.7987478755181354)	(30.0, 5.326750700280113)	(31.0, 5.953246753246753)	(32.0, 4.978731104960613)	(33.0, 4.453091652756519)	(34.0, 6.768730433546234)	(35.0, 6.80934695385915)	(36.0, 8.104475884889716)	(37.0, 9.842580387092582)	(38.0, 10.89047619047619)	(39.0, 9.850412953412722)	(40.0, 9.620425452683518)	(41.0, 6.6898886344008295)	(42.0, 8.951320926536741)	(43.0, 10.350372286551151)	(44.0, 9.411996621740094)	(45.0, 7.15361879983092)	(46.0, 5.819588744588744)	(47.0, 4.525785778632078)	(48.0, 7.346327328585392)	(49.0, 7.790170613700024)	(50.0, 6.803860536418273)	(51.0, 5.784980987739675)	(52.0, 6.421604201136899)	(53.0, 9.033833191952066)	(54.0, 9.784412937286037)	(55.0, 8.354790496475854)	(56.0, 8.746311474305882)	(57.0, 10.567751533238136)	(58.0, 7.264253660849978)	(59.0, 5.7546851272533415)	(60.0, 5.935843982960625)	(61.0, 4.7059549754671695)	(62.0, 2.7420500350916415)	(63.0, 2.749242424242424)	(64.0, 3.160487638487406)	(65.0, 1.556060606060606)	(66.0, 0.5151515151515151)	(67.0, 0.18181818181818182)	(68.0, 0.15520282186948853)	(69.0, 1.3409090909090908)	(70.0, 1.25)	(71.0, 0.0)	(72.0, 0.0)	(73.0, 0.0)	(74.0, 0.0)	(75.0, 0.0)	(76.0, 0.0)	(77.0, 0.0)	(78.0, 0.0)	(79.0, 0.0)	(80.0, 0.0)	(81.0, 0.0)	(82.0, 0.0)	(83.0, 0.0)	(84.0, 0.0)	(85.0, 0.0)	(86.0, 0.0)	(87.0, 0.0)	(88.0, 0.0)	(89.0, 0.0)	(90.0, 0.0)	(91.0, 0.0)	(92.0, 0.0)	(93.0, 0.0)	(94.0, 0.0)	(95.0, 0.0)	(96.0, 0.0)	(97.0, 0.0)	(98.0, 0.0)	(99.0, 0.0)	(100.0, 0.0)
dorado_barcode14	(0.0, 0.0)	(1.0, 0.0)	(2.0, 0.0)	(3.0, 0.0)	(4.0, 0.0)	(5.0, 0.0)	(6.0, 0.0)	(7.0, 0.0)	(8.0, 0.0)	(9.0, 0.0)	(10.0, 0.5)	(11.0, 1.0)	(12.0, 1.75)	(13.0, 2.083333333333333)	(14.0, 1.5)	(15.0, 1.5)	(16.0, 1.5)	(17.0, 1.5)	(18.0, 1.2)	(19.0, 1.0)	(20.0, 1.9166666666666665)	(21.0, 2.8925839188134272)	(22.0, 3.8092505854800938)	(23.0, 5.2813852813852815)	(24.0, 9.695786203044268)	(25.0, 13.738961038961039)	(26.0, 12.832575757575757)	(27.0, 14.307142857142855)	(28.0, 24.144679993209408)	(29.0, 26.72075923233418)	(30.0, 25.98263093116033)	(31.0, 33.317157623340414)	(32.0, 43.53341652549436)	(33.0, 44.20550954306339)	(34.0, 45.98542287651728)	(35.0, 45.9347786503364)	(36.0, 56.905105285760925)	(37.0, 62.494071070954995)	(38.0, 65.60858140211582)	(39.0, 64.77232260536992)	(40.0, 61.89181319638402)	(41.0, 61.00977507741345)	(42.0, 60.13016035556929)	(43.0, 64.42037397103212)	(44.0, 61.826794062351645)	(45.0, 60.65327313883073)	(46.0, 57.9015202827182)	(47.0, 62.86236061792212)	(48.0, 59.86675080272122)	(49.0, 57.8594826386069)	(50.0, 54.736768420735146)	(51.0, 54.42669611661494)	(52.0, 51.55043225393822)	(53.0, 55.361292716724485)	(54.0, 54.54797297023136)	(55.0, 50.24660889483539)	(56.0, 52.63401921769021)	(57.0, 49.20825051938995)	(58.0, 45.10442895096973)	(59.0, 33.14530397409659)	(60.0, 30.553595929731525)	(61.0, 35.08916084508452)	(62.0, 30.458095921752577)	(63.0, 21.540708106453735)	(64.0, 21.810338463878978)	(65.0, 22.333848885619133)	(66.0, 19.265451651630514)	(67.0, 14.470360341642794)	(68.0, 12.12573674369449)	(69.0, 9.141457198715266)	(70.0, 6.748484848484848)	(71.0, 5.427496159754224)	(72.0, 3.447619047619048)	(73.0, 2.7476190476190476)	(74.0, 2.5333333333333337)	(75.0, 1.7)	(76.0, 1.3333333333333333)	(77.0, 1.3333333333333333)	(78.0, 1.3333333333333333)	(79.0, 1.3333333333333333)	(80.0, 1.0)	(81.0, 1.0)	(82.0, 0.5)	(83.0, 0.0)	(84.0, 0.0)	(85.0, 0.0)	(86.0, 0.0)	(87.0, 0.0)	(88.0, 0.0)	(89.0, 0.0)	(90.0, 0.0)	(91.0, 0.0)	(92.0, 0.0)	(93.0, 0.0)	(94.0, 0.0)	(95.0, 0.0)	(96.0, 0.0)	(97.0, 0.0)	(98.0, 0.0)	(99.0, 0.0)	(100.0, 0.0)
dorado_barcode15	(0.0, 1.0)	(1.0, 1.0)	(2.0, 1.0)	(3.0, 1.5)	(4.0, 2.0)	(5.0, 2.0)	(6.0, 2.5)	(7.0, 3.5)	(8.0, 5.25)	(9.0, 6.25)	(10.0, 7.166666666666667)	(11.0, 7.840909090909091)	(12.0, 7.62316715542522)	(13.0, 9.527056277056277)	(14.0, 13.320426487093156)	(15.0, 17.966024298282363)	(16.0, 17.576190476190476)	(17.0, 17.25)	(18.0, 17.79963924963925)	(19.0, 15.62720409671629)	(20.0, 16.394992609017)	(21.0, 23.170717572487824)	(22.0, 32.965335860639456)	(23.0, 42.203204477122945)	(24.0, 48.016612248644286)	(25.0, 49.90702409468461)	(26.0, 60.209170599520974)	(27.0, 76.6840640281582)	(28.0, 101.63740865166989)	(29.0, 125.4760064425659)	(30.0, 142.41255036982574)	(31.0, 155.5587501909172)	(32.0, 167.41479317220592)	(33.0, 188.18879145481995)	(34.0, 221.74308533876206)	(35.0, 232.41494927497743)	(36.0, 239.44797189566833)	(37.0, 262.4569246088811)	(38.0, 263.02705791606724)	(39.0, 265.8542938616874)	(40.0, 275.33332477923864)	(41.0, 277.1462414038525)	(42.0, 272.60922696447307)	(43.0, 257.09562149714793)	(44.0, 249.40950637281432)	(45.0, 263.1678130003296)	(46.0, 262.10864530273307)	(47.0, 259.28580985943495)	(48.0, 277.2188058179356)	(49.0, 277.97925109381504)	(50.0, 273.71952401941047)	(51.0, 276.2215916438282)	(52.0, 278.01972784666646)	(53.0, 277.4000043935276)	(54.0, 281.79946349638783)	(55.0, 273.83114604369257)	(56.0, 259.1853953905764)	(57.0, 239.32622946114984)	(58.0, 219.3148063316458)	(59.0, 197.07599602202632)	(60.0, 191.1666284326946)	(61.0, 186.80272556856363)	(62.0, 172.26672174207147)	(63.0, 146.1815364763078)	(64.0, 124.25404715909964)	(65.0, 113.68291088274533)	(66.0, 91.56451593319701)	(67.0, 64.81130861464328)	(68.0, 58.09886733606473)	(69.0, 48.13369198150136)	(70.0, 40.19136225089356)	(71.0, 27.36843964895119)	(72.0, 18.542699385740995)	(73.0, 16.134852004364202)	(74.0, 14.527813852813852)	(75.0, 11.773727379514856)	(76.0, 6.263528138528138)	(77.0, 5.115591397849462)	(78.0, 3.833333333333333)	(79.0, 3.8333333333333335)	(80.0, 3.3333333333333335)	(81.0, 2.5)	(82.0, 1.5)	(83.0, 1.25)	(84.0, 1.0)	(85.0, 0.5)	(86.0, 0.0)	(87.0, 0.0)	(88.0, 0.14285714285714285)	(89.0, 0.0)	(90.0, 0.0)	(91.0, 0.0)	(92.0, 0.0)	(93.0, 0.0)	(94.0, 0.0)	(95.0, 0.0)	(96.0, 0.0)	(97.0, 0.0)	(98.0, 0.0)	(99.0, 0.0)	(100.0, 0.0)
dorado_barcode16	(0.0, 0.0)	(1.0, 0.0)	(2.0, 0.0)	(3.0, 0.0)	(4.0, 0.0)	(5.0, 0.0)	(6.0, 0.0)	(7.0, 0.0)	(8.0, 0.0)	(9.0, 0.5)	(10.0, 0.5)	(11.0, 0.0)	(12.0, 0.5)	(13.0, 0.5)	(14.0, 0.0)	(15.0, 0.0)	(16.0, 0.0)	(17.0, 0.2)	(18.0, 0.0)	(19.0, 0.5)	(20.0, 0.5)	(21.0, 0.47619047619047616)	(22.0, 0.8655913978494623)	(23.0, 0.5)	(24.0, 0.95)	(25.0, 1.2056277056277054)	(26.0, 0.5833333333333333)	(27.0, 2.583333333333333)	(28.0, 6.30952380952381)	(29.0, 4.906966001478197)	(30.0, 3.7701128936423056)	(31.0, 5.72034632034632)	(32.0, 3.5553100125680768)	(33.0, 4.801695526695527)	(34.0, 6.184914954629103)	(35.0, 8.039419634218987)	(36.0, 8.354299911557975)	(37.0, 7.007735056659787)	(38.0, 4.996335589293335)	(39.0, 5.10392218470966)	(40.0, 4.886379967167442)	(41.0, 3.5160687672982753)	(42.0, 4.9906565656565665)	(43.0, 5.717680287192482)	(44.0, 5.2507558422430005)	(45.0, 4.081890331890332)	(46.0, 6.2274429054426745)	(47.0, 6.358477633477633)	(48.0, 5.648203230461293)	(49.0, 4.331115779645191)	(50.0, 5.868204018204017)	(51.0, 8.487395228884589)	(52.0, 7.488081521569094)	(53.0, 7.275686406038664)	(54.0, 8.154741072698819)	(55.0, 4.902004572319349)	(56.0, 5.605639083411283)	(57.0, 6.510931997196313)	(58.0, 4.9300753279762635)	(59.0, 4.098770179316576)	(60.0, 3.71994776143492)	(61.0, 2.1657510742386465)	(62.0, 2.5977496880035864)	(63.0, 3.108333333333334)	(64.0, 2.1809523809523808)	(65.0, 3.0595238095238093)	(66.0, 1.9718614718614718)	(67.0, 0.6385281385281386)	(68.0, 1.4999999999999998)	(69.0, 1.4583333333333333)	(70.0, 0.5)	(71.0, 0.09090909090909091)	(72.0, 0.5)	(73.0, 0.5)	(74.0, 0.0)	(75.0, 0.0)	(76.0, 0.0)	(77.0, 0.0)	(78.0, 0.0)	(79.0, 0.0)	(80.0, 0.0)	(81.0, 0.0)	(82.0, 0.0)	(83.0, 0.0)	(84.0, 0.0)	(85.0, 0.0)	(86.0, 0.0)	(87.0, 0.0)	(88.0, 0.0)	(89.0, 0.0)	(90.0, 0.0)	(91.0, 0.0)	(92.0, 0.0)	(93.0, 0.0)	(94.0, 0.0)	(95.0, 0.0)	(96.0, 0.0)	(97.0, 0.0)	(98.0, 0.0)	(99.0, 0.0)	(100.0, 0.0)
dorado_barcode17	(0.0, 106.72678571428573)	(1.0, 103.07305194805197)	(2.0, 105.78149350649352)	(3.0, 115.79145021645022)	(4.0, 147.30093795093796)	(5.0, 195.95613275613272)	(6.0, 272.044198901457)	(7.0, 363.2246753246753)	(8.0, 461.0716810966803)	(9.0, 564.8737734487727)	(10.0, 688.6972222222228)	(11.0, 866.6321789321821)	(12.0, 1086.2018952477702)	(13.0, 1393.6448864492013)	(14.0, 1725.640907620903)	(15.0, 2121.254056490607)	(16.0, 2629.1950650046056)	(17.0, 3293.0508861663384)	(18.0, 4019.5754088755357)	(19.0, 4781.118950896757)	(20.0, 5736.762320599973)	(21.0, 6935.100317734434)	(22.0, 8187.770445213158)	(23.0, 9507.06900232801)	(24.0, 10869.96777920514)	(25.0, 12555.714020795409)	(26.0, 14258.58165339646)	(27.0, 16006.906196940146)	(28.0, 17799.17868756358)	(29.0, 19821.957825704623)	(30.0, 21864.26145146552)	(31.0, 23858.744652081954)	(32.0, 25833.954884045717)	(33.0, 27561.14772032745)	(34.0, 28696.27113745162)	(35.0, 29253.47838251513)	(36.0, 29647.53247739742)	(37.0, 29496.482362965115)	(38.0, 28706.000782863783)	(39.0, 27600.916782598964)	(40.0, 26088.8900539419)	(41.0, 24771.475231781846)	(42.0, 23700.472904653638)	(43.0, 22426.878442835547)	(44.0, 21113.120843998804)	(45.0, 19989.719203684406)	(46.0, 19149.622101673394)	(47.0, 18516.547210017536)	(48.0, 18012.429231148573)	(49.0, 17386.127219955117)	(50.0, 16895.88627977687)	(51.0, 15937.555386283453)	(52.0, 15198.882244756374)	(53.0, 14527.741175083282)	(54.0, 13643.029329820783)	(55.0, 12891.248455619025)	(56.0, 11961.582382076309)	(57.0, 11119.192589402035)	(58.0, 10270.70467634894)	(59.0, 9416.259901255666)	(60.0, 8587.702887771384)	(61.0, 7742.362602544752)	(62.0, 6901.002202146367)	(63.0, 6108.816281089348)	(64.0, 5408.074352423188)	(65.0, 4803.413960920744)	(66.0, 4153.532885615501)	(67.0, 3623.4795438837114)	(68.0, 3081.1522278345865)	(69.0, 2626.205451824148)	(70.0, 2177.950862785302)	(71.0, 1772.6858596987938)	(72.0, 1461.9713578263936)	(73.0, 1181.3598733641502)	(74.0, 970.0419147021305)	(75.0, 766.7952023890389)	(76.0, 591.8597905474176)	(77.0, 485.96048769525163)	(78.0, 385.7210817855971)	(79.0, 302.0231962481961)	(80.0, 247.27063492063516)	(81.0, 202.8090222785345)	(82.0, 166.71626984126985)	(83.0, 127.37038239538236)	(84.0, 106.74567099567098)	(85.0, 95.83906926406928)	(86.0, 83.09751780477586)	(87.0, 74.51375157100965)	(88.0, 67.01904761904763)	(89.0, 54.92857142857144)	(90.0, 39.666666666666664)	(91.0, 27.23535353535353)	(92.0, 27.285353535353533)	(93.0, 22.5)	(94.0, 16.616666666666667)	(95.0, 11.09090909090909)	(96.0, 7.283333333333333)	(97.0, 5.5)	(98.0, 6.083333333333333)	(99.0, 7.583333333333333)	(100.0, 10.416666666666666)
dorado_barcode18	(0.0, 57.33333333333334)	(1.0, 55.40952380952382)	(2.0, 56.040151515151514)	(3.0, 65.31868686868688)	(4.0, 79.38300865800866)	(5.0, 96.12348484848486)	(6.0, 118.21681096681098)	(7.0, 142.44022366522367)	(8.0, 177.09700577200582)	(9.0, 228.01078643578654)	(10.0, 292.6735930735931)	(11.0, 366.81839826839774)	(12.0, 454.04704536655646)	(13.0, 580.1752955825527)	(14.0, 770.3042207792234)	(15.0, 958.7068081876025)	(16.0, 1164.0874039600003)	(17.0, 1462.713167688652)	(18.0, 1823.0694464684318)	(19.0, 2214.1663447995707)	(20.0, 2671.8072759059264)	(21.0, 3238.507136268906)	(22.0, 3866.259641146264)	(23.0, 4589.853957077527)	(24.0, 5263.6109465429945)	(25.0, 6131.965436761787)	(26.0, 7153.513208871242)	(27.0, 8224.71275073358)	(28.0, 9303.23436118715)	(29.0, 10556.474967207143)	(30.0, 11719.688610546275)	(31.0, 12937.244506822506)	(32.0, 14221.028553234753)	(33.0, 15360.25606365423)	(34.0, 16272.230746683063)	(35.0, 16957.54022311714)	(36.0, 17388.52862100512)	(37.0, 17796.434188724117)	(38.0, 17752.132029461412)	(39.0, 17444.07940563009)	(40.0, 16916.08439664209)	(41.0, 16340.877016272843)	(42.0, 15911.960560459838)	(43.0, 14725.263878541928)	(44.0, 13930.843118182267)	(45.0, 13276.89611049326)	(46.0, 12708.369051949421)	(47.0, 12340.625688706094)	(48.0, 11935.582442624303)	(49.0, 11420.054707181116)	(50.0, 10675.890611452593)	(51.0, 9762.78146657546)	(52.0, 9142.09819299168)	(53.0, 8589.064910384548)	(54.0, 7996.1338602331825)	(55.0, 7476.638592750161)	(56.0, 7044.773222253577)	(57.0, 6516.118090730106)	(58.0, 5998.3260250057365)	(59.0, 5422.992467288781)	(60.0, 4916.193116243688)	(61.0, 4519.221766257945)	(62.0, 4051.598920648043)	(63.0, 3650.2722875359477)	(64.0, 3269.281017556241)	(65.0, 2872.511403406733)	(66.0, 2499.74571122307)	(67.0, 2158.9704264705124)	(68.0, 1864.009204995535)	(69.0, 1642.6935150905135)	(70.0, 1398.7149052666032)	(71.0, 1140.3934737442892)	(72.0, 931.6120413957365)	(73.0, 802.6364257715381)	(74.0, 653.6717911819848)	(75.0, 540.0506248492741)	(76.0, 421.93313648922236)	(77.0, 345.5585484313103)	(78.0, 290.8932439740314)	(79.0, 218.2411976911979)	(80.0, 184.2801261746384)	(81.0, 166.85834031559835)	(82.0, 130.5477994227994)	(83.0, 112.23351370851368)	(84.0, 98.32388167388169)	(85.0, 87.29924242424242)	(86.0, 68.72500000000002)	(87.0, 61.87424242424244)	(88.0, 58.64206349206351)	(89.0, 53.688888888888904)	(90.0, 40.20757575757575)	(91.0, 30.489718614718615)	(92.0, 28.876262626262626)	(93.0, 21.035353535353533)	(94.0, 15.174242424242424)	(95.0, 11.602777777777778)	(96.0, 7.069444444444445)	(97.0, 6.027777777777778)	(98.0, 5.0)	(99.0, 7.1004329004329)	(100.0, 11.81666666666667)
dorado_barcode19	(0.0, 0.0)	(1.0, 0.0)	(2.0, 0.0)	(3.0, 0.0)	(4.0, 0.0)	(5.0, 0.0)	(6.0, 0.0)	(7.0, 0.0)	(8.0, 0.0)	(9.0, 0.0)	(10.0, 0.0)	(11.0, 0.0)	(12.0, 0.0)	(13.0, 0.0)	(14.0, 0.0)	(15.0, 0.5)	(16.0, 1.5)	(17.0, 1.5)	(18.0, 1.75)	(19.0, 1.3409090909090908)	(20.0, 1.3333333333333333)	(21.0, 1.8333333333333333)	(22.0, 2.2)	(23.0, 4.05)	(24.0, 3.899390243902439)	(25.0, 2.3910569105691057)	(26.0, 2.1944444444444446)	(27.0, 4.455952380952381)	(28.0, 5.338717256758863)	(29.0, 4.788528138528139)	(30.0, 5.685292921471783)	(31.0, 7.2834076054664285)	(32.0, 7.682979622004012)	(33.0, 6.448404363908922)	(34.0, 9.543633293836544)	(35.0, 8.151168365684493)	(36.0, 5.636379967167442)	(37.0, 7.512202263731443)	(38.0, 8.706898348565014)	(39.0, 8.28416305916306)	(40.0, 8.968434343434344)	(41.0, 8.006060606060604)	(42.0, 8.679415118931248)	(43.0, 9.268470418470418)	(44.0, 13.682165082380896)	(45.0, 15.903502798014996)	(46.0, 20.485411835627648)	(47.0, 31.84264767490574)	(48.0, 32.228100383528066)	(49.0, 18.938016220490095)	(50.0, 12.17087913807098)	(51.0, 10.704112554112555)	(52.0, 9.760936117289706)	(53.0, 8.772852981881305)	(54.0, 8.839604086423424)	(55.0, 8.128608374241992)	(56.0, 6.240850762640088)	(57.0, 5.472801787180649)	(58.0, 5.070638823058064)	(59.0, 5.900865049382234)	(60.0, 3.929410508986967)	(61.0, 4.220870469399881)	(62.0, 3.7373376623376617)	(63.0, 2.5533740769034887)	(64.0, 1.7664189764999991)	(65.0, 0.5476190476190477)	(66.0, 1.2239692001987086)	(67.0, 1.0565004887585534)	(68.0, 1.515151515151515)	(69.0, 0.6428571428571428)	(70.0, 0.0)	(71.0, 0.1989247311827957)	(72.0, 0.0)	(73.0, 0.0)	(74.0, 0.0)	(75.0, 0.0)	(76.0, 0.0)	(77.0, 0.0)	(78.0, 0.0)	(79.0, 0.0)	(80.0, 0.0)	(81.0, 0.0)	(82.0, 0.0)	(83.0, 0.0)	(84.0, 0.0)	(85.0, 0.0)	(86.0, 0.0)	(87.0, 0.0)	(88.0, 0.0)	(89.0, 0.0)	(90.0, 0.0)	(91.0, 0.0)	(92.0, 0.0)	(93.0, 0.0)	(94.0, 0.0)	(95.0, 0.0)	(96.0, 0.0)	(97.0, 0.0)	(98.0, 0.0)	(99.0, 0.0)	(100.0, 0.0)
dorado_barcode20	(0.0, 3.0)	(1.0, 3.0)	(2.0, 3.0)	(3.0, 4.25)	(4.0, 5.25)	(5.0, 4.666666666666667)	(6.0, 5.5)	(7.0, 7.0)	(8.0, 9.5)	(9.0, 12.0)	(10.0, 15.0)	(11.0, 18.5)	(12.0, 18.0)	(13.0, 18.5)	(14.0, 20.458333333333332)	(15.0, 22.625)	(16.0, 25.75)	(17.0, 27.416666666666668)	(18.0, 28.53333333333333)	(19.0, 32.91428571428571)	(20.0, 35.77835849787069)	(21.0, 40.62229437229437)	(22.0, 46.28376623376624)	(23.0, 47.87619047619048)	(24.0, 49.518000518000534)	(25.0, 56.40538216264023)	(26.0, 65.11050135501355)	(27.0, 75.36903097628905)	(28.0, 89.63621017361855)	(29.0, 99.93069404749392)	(30.0, 112.72120508632155)	(31.0, 136.8544377826425)	(32.0, 155.50966465972263)	(33.0, 187.50910925039628)	(34.0, 221.1314934068979)	(35.0, 261.26505887728507)	(36.0, 336.7543083393633)	(37.0, 427.0920885090687)	(38.0, 516.4907386810855)	(39.0, 628.7355973501907)	(40.0, 747.7438236583725)	(41.0, 882.2966424688011)	(42.0, 1071.96047990921)	(43.0, 1297.9138284967244)	(44.0, 1543.7084417141184)	(45.0, 1849.534150123433)	(46.0, 2325.769074601514)	(47.0, 2900.8060582906523)	(48.0, 3607.415745238424)	(49.0, 4473.797724894798)	(50.0, 5532.278902146147)	(51.0, 6739.540838955661)	(52.0, 8122.531582546574)	(53.0, 9936.934815828467)	(54.0, 12218.876234388134)	(55.0, 14877.646608478437)	(56.0, 18086.27223201992)	(57.0, 21455.81232864309)	(58.0, 23547.719974774704)	(59.0, 23453.54009074995)	(60.0, 21364.80919722576)	(61.0, 18128.029425270284)	(62.0, 14256.630240839007)	(63.0, 10478.243430973607)	(64.0, 7469.063777227896)	(65.0, 5270.598386673574)	(66.0, 3638.869133535677)	(67.0, 2527.9590786897675)	(68.0, 1723.5500739374045)	(69.0, 1182.8409057533813)	(70.0, 821.9958056259526)	(71.0, 564.866474417727)	(72.0, 392.0881418149119)	(73.0, 296.306644788903)	(74.0, 231.84891774891776)	(75.0, 184.2909090909091)	(76.0, 150.9151515151515)	(77.0, 122.83333333333333)	(78.0, 105.33333333333333)	(79.0, 85.5)	(80.0, 66.0)	(81.0, 53.0)	(82.0, 41.833333333333336)	(83.0, 36.33333333333333)	(84.0, 33.0)	(85.0, 31.0)	(86.0, 30.0)	(87.0, 30.0)	(88.0, 27.5)	(89.0, 23.0)	(90.0, 20.5)	(91.0, 19.5)	(92.0, 16.5)	(93.0, 13.5)	(94.0, 11.0)	(95.0, 7.5)	(96.0, 6.0)	(97.0, 6.0)	(98.0, 6.0)	(99.0, 6.0)	(100.0, 6.0)
dorado_barcode21	(0.0, 0.0)	(1.0, 0.0)	(2.0, 0.0)	(3.0, 0.0)	(4.0, 0.0)	(5.0, 0.0)	(6.0, 0.0)	(7.0, 0.0)	(8.0, 0.0)	(9.0, 0.0)	(10.0, 0.0)	(11.0, 0.0)	(12.0, 0.0)	(13.0, 0.0)	(14.0, 0.0)	(15.0, 0.0)	(16.0, 0.0)	(17.0, 0.0)	(18.0, 0.0)	(19.0, 0.0)	(20.0, 0.0)	(21.0, 0.0)	(22.0, 0.0)	(23.0, 0.0)	(24.0, 0.0)	(25.0, 0.0)	(26.0, 0.0)	(27.0, 0.0)	(28.0, 0.0)	(29.0, 0.0)	(30.0, 0.0)	(31.0, 0.0)	(32.0, 0.0)	(33.0, 0.0)	(34.0, 0.0)	(35.0, 0.0)	(36.0, 0.0)	(37.0, 0.0)	(38.0, 0.0)	(39.0, 0.0)	(40.0, 0.0)	(41.0, 0.0)	(42.0, 0.3333333333333333)	(43.0, 0.3333333333333333)	(44.0, 0.0)	(45.0, 0.0)	(46.0, 0.0)	(47.0, 0.0)	(48.0, 0.0)	(49.0, 0.0)	(50.0, 0.0)	(51.0, 0.0)	(52.0, 0.0)	(53.0, 0.0)	(54.0, 0.0)	(55.0, 0.0)	(56.0, 0.0)	(57.0, 0.0)	(58.0, 0.0)	(59.0, 0.0)	(60.0, 0.0)	(61.0, 0.0)	(62.0, 0.0)	(63.0, 0.0)	(64.0, 0.0)	(65.0, 0.0)	(66.0, 0.0)	(67.0, 0.0)	(68.0, 0.0)	(69.0, 0.0)	(70.0, 0.0)	(71.0, 0.0)	(72.0, 0.0)	(73.0, 0.0)	(74.0, 0.0)	(75.0, 0.0)	(76.0, 0.0)	(77.0, 0.0)	(78.0, 0.0)	(79.0, 0.0)	(80.0, 0.0)	(81.0, 0.0)	(82.0, 0.0)	(83.0, 0.0)	(84.0, 0.0)	(85.0, 0.0)	(86.0, 0.0)	(87.0, 0.0)	(88.0, 0.0)	(89.0, 0.0)	(90.0, 0.0)	(91.0, 0.0)	(92.0, 0.0)	(93.0, 0.0)	(94.0, 0.0)	(95.0, 0.0)	(96.0, 0.0)	(97.0, 0.0)	(98.0, 0.0)	(99.0, 0.0)	(100.0, 0.0)
dorado_barcode23	(0.0, 0.0)	(1.0, 0.0)	(2.0, 0.0)	(3.0, 0.0)	(4.0, 0.0)	(5.0, 0.0)	(6.0, 0.0)	(7.0, 0.0)	(8.0, 0.0)	(9.0, 0.0)	(10.0, 0.0)	(11.0, 0.0)	(12.0, 0.0)	(13.0, 0.0)	(14.0, 0.0)	(15.0, 0.0)	(16.0, 0.0)	(17.0, 0.0)	(18.0, 0.0)	(19.0, 0.0)	(20.0, 0.0)	(21.0, 0.0)	(22.0, 0.0)	(23.0, 0.0)	(24.0, 0.0)	(25.0, 0.0)	(26.0, 0.0)	(27.0, 0.0)	(28.0, 0.0)	(29.0, 0.0)	(30.0, 0.0)	(31.0, 0.0)	(32.0, 0.0)	(33.0, 0.0)	(34.0, 0.0)	(35.0, 0.0)	(36.0, 0.0)	(37.0, 0.0)	(38.0, 0.0)	(39.0, 0.0)	(40.0, 0.0)	(41.0, 0.0)	(42.0, 0.0)	(43.0, 0.0)	(44.0, 0.0)	(45.0, 0.0)	(46.0, 0.0)	(47.0, 0.0)	(48.0, 0.0)	(49.0, 0.0)	(50.0, 0.0)	(51.0, 0.0)	(52.0, 0.0)	(53.0, 0.0)	(54.0, 0.0)	(55.0, 0.03225806451612903)	(56.0, 0.0)	(57.0, 0.0)	(58.0, 0.0)	(59.0, 0.0)	(60.0, 0.0)	(61.0, 0.0)	(62.0, 0.0)	(63.0, 0.0)	(64.0, 0.0)	(65.0, 0.0)	(66.0, 0.0)	(67.0, 0.0)	(68.0, 0.0)	(69.0, 0.0)	(70.0, 0.0)	(71.0, 0.0)	(72.0, 0.0)	(73.0, 0.0)	(74.0, 0.0)	(75.0, 0.0)	(76.0, 0.0)	(77.0, 0.0)	(78.0, 0.0)	(79.0, 0.0)	(80.0, 0.0)	(81.0, 0.0)	(82.0, 0.0)	(83.0, 0.0)	(84.0, 0.0)	(85.0, 0.0)	(86.0, 0.0)	(87.0, 0.0)	(88.0, 0.0)	(89.0, 0.0)	(90.0, 0.0)	(91.0, 0.0)	(92.0, 0.0)	(93.0, 0.0)	(94.0, 0.0)	(95.0, 0.0)	(96.0, 0.0)	(97.0, 0.0)	(98.0, 0.0)	(99.0, 0.0)	(100.0, 0.0)
dorado_barcode24	(0.0, 0.0)	(1.0, 0.0)	(2.0, 0.0)	(3.0, 0.0)	(4.0, 0.0)	(5.0, 0.0)	(6.0, 0.0)	(7.0, 0.0)	(8.0, 0.0)	(9.0, 0.0)	(10.0, 0.0)	(11.0, 0.0)	(12.0, 0.0)	(13.0, 0.0)	(14.0, 0.0)	(15.0, 0.0)	(16.0, 0.0)	(17.0, 0.0)	(18.0, 0.0)	(19.0, 0.0)	(20.0, 0.0)	(21.0, 0.0)	(22.0, 0.0)	(23.0, 0.0)	(24.0, 0.0)	(25.0, 0.0)	(26.0, 0.0)	(27.0, 0.0)	(28.0, 0.0)	(29.0, 0.009009009009009009)	(30.0, 0.0)	(31.0, 0.0)	(32.0, 0.0)	(33.0, 0.0)	(34.0, 0.0)	(35.0, 0.0)	(36.0, 0.0)	(37.0, 0.0)	(38.0, 0.0)	(39.0, 0.0)	(40.0, 0.0)	(41.0, 0.0)	(42.0, 0.0)	(43.0, 0.0)	(44.0, 0.0)	(45.0, 0.0)	(46.0, 0.0)	(47.0, 0.0)	(48.0, 0.0)	(49.0, 0.0)	(50.0, 0.0)	(51.0, 0.0)	(52.0, 0.0)	(53.0, 0.0)	(54.0, 0.0)	(55.0, 0.0)	(56.0, 0.0)	(57.0, 0.0)	(58.0, 0.0)	(59.0, 0.0)	(60.0, 0.0)	(61.0, 0.0)	(62.0, 0.0)	(63.0, 0.0)	(64.0, 0.0)	(65.0, 0.0)	(66.0, 0.0)	(67.0, 0.0)	(68.0, 0.0)	(69.0, 0.0)	(70.0, 0.0)	(71.0, 0.0)	(72.0, 0.0)	(73.0, 0.0)	(74.0, 0.0)	(75.0, 0.0)	(76.0, 0.0)	(77.0, 0.0)	(78.0, 0.0)	(79.0, 0.0)	(80.0, 0.0)	(81.0, 0.0)	(82.0, 0.0)	(83.0, 0.0)	(84.0, 0.0)	(85.0, 0.0)	(86.0, 0.0)	(87.0, 0.0)	(88.0, 0.0)	(89.0, 0.0)	(90.0, 0.0)	(91.0, 0.0)	(92.0, 0.0)	(93.0, 0.0)	(94.0, 0.0)	(95.0, 0.0)	(96.0, 0.0)	(97.0, 0.0)	(98.0, 0.0)	(99.0, 0.0)	(100.0, 0.0)
dorado_unclassified	(0.0, 8656.791814909478)	(1.0, 3333.5830300190246)	(2.0, 296.7865479741696)	(3.0, 255.23342162746178)	(4.0, 232.91557024355313)	(5.0, 216.76441807002638)	(6.0, 202.2490571910949)	(7.0, 194.31676007358868)	(8.0, 195.1066184566339)	(9.0, 192.03654275431933)	(10.0, 184.29361688161197)	(11.0, 180.22426385759093)	(12.0, 174.7368463579757)	(13.0, 177.39000767932376)	(14.0, 181.391894162929)	(15.0, 199.09817159600382)	(16.0, 222.31442595521457)	(17.0, 235.6109585016738)	(18.0, 255.90125423885152)	(19.0, 301.361854211816)	(20.0, 332.4739881326871)	(21.0, 390.8502009313806)	(22.0, 468.0743630628365)	(23.0, 538.4899988112264)	(24.0, 613.5246929931745)	(25.0, 712.320988879432)	(26.0, 824.4096156306954)	(27.0, 976.2482927526472)	(28.0, 1128.5072383554295)	(29.0, 1277.2150265385255)	(30.0, 1405.8965232771056)	(31.0, 1567.9958545563868)	(32.0, 1681.6220081486713)	(33.0, 1872.59574344304)	(34.0, 1999.7176447459883)	(35.0, 2125.766085174588)	(36.0, 2254.5765640480236)	(37.0, 2346.339201142401)	(38.0, 2421.7346926671235)	(39.0, 2639.607024157326)	(40.0, 4743.077183902325)	(41.0, 3701.413319120225)	(42.0, 2400.927144692586)	(43.0, 2322.0982119745186)	(44.0, 2251.203757047911)	(45.0, 2212.5352286185016)	(46.0, 2169.779430072359)	(47.0, 2076.766395564364)	(48.0, 2096.1836768256726)	(49.0, 2503.580907274334)	(50.0, 4986.628047345309)	(51.0, 4054.6452163105164)	(52.0, 2487.495521583979)	(53.0, 2522.7445748152845)	(54.0, 2641.243329481719)	(55.0, 2753.980094473768)	(56.0, 2835.3569540088815)	(57.0, 2960.5849329829775)	(58.0, 2991.4518516245003)	(59.0, 2831.4506011215994)	(60.0, 2519.8828431951433)	(61.0, 2144.434352472328)	(62.0, 1802.9894631597224)	(63.0, 1455.3641259398535)	(64.0, 1083.3430998196402)	(65.0, 823.5088860384302)	(66.0, 648.9922544088878)	(67.0, 529.8209847446651)	(68.0, 447.04481966069085)	(69.0, 379.4540389429926)	(70.0, 338.22331878095724)	(71.0, 307.45440854310965)	(72.0, 281.23349456518565)	(73.0, 300.06822598644516)	(74.0, 351.90551960672286)	(75.0, 593.7327769177101)	(76.0, 683.9783054878772)	(77.0, 546.9937765028039)	(78.0, 364.95624312711345)	(79.0, 240.41813989878133)	(80.0, 185.53477404256532)	(81.0, 118.70422077922078)	(82.0, 66.74033189033192)	(83.0, 48.42196969696971)	(84.0, 40.51551226551227)	(85.0, 37.68388660985358)	(86.0, 32.935142109240964)	(87.0, 31.238492063492053)	(88.0, 25.40119047619047)	(89.0, 20.566666666666663)	(90.0, 19.348705096073516)	(91.0, 19.079445246111913)	(92.0, 15.833333333333336)	(93.0, 13.374242424242425)	(94.0, 13.133333333333335)	(95.0, 14.892857142857142)	(96.0, 12.616666666666667)	(97.0, 10.700000000000001)	(98.0, 9.5)	(99.0, 11.583333333333334)	(100.0, 26.416666666666664)
minknow_barcode01	(0.0, 0.0)	(1.0, 0.0)	(2.0, 0.0)	(3.0, 0.0)	(4.0, 0.0)	(5.0, 0.0)	(6.0, 0.0)	(7.0, 0.0)	(8.0, 0.0)	(9.0, 0.0)	(10.0, 0.0)	(11.0, 0.0)	(12.0, 0.0)	(13.0, 0.0)	(14.0, 0.0)	(15.0, 0.0)	(16.0, 0.0)	(17.0, 0.0)	(18.0, 0.0)	(19.0, 0.0)	(20.0, 0.0)	(21.0, 0.0)	(22.0, 0.0)	(23.0, 0.5333333333333333)	(24.0, 1.0)	(25.0, 0.23376623376623376)	(26.0, 0.43376623376623374)	(27.0, 0.18181818181818182)	(28.0, 0.2)	(29.0, 0.6399816417519013)	(30.0, 1.2628857701438347)	(31.0, 1.4049923195084484)	(32.0, 1.9437705769230165)	(33.0, 2.238165787924708)	(34.0, 2.2342391576107348)	(35.0, 2.66780223686382)	(36.0, 2.0397125112595047)	(37.0, 2.7985114978688186)	(38.0, 2.386352041898438)	(39.0, 1.4023193040895638)	(40.0, 4.266977304926426)	(41.0, 3.616529348787413)	(42.0, 1.5809584768456124)	(43.0, 1.5535680949936814)	(44.0, 1.899368998838134)	(45.0, 1.5603866551985217)	(46.0, 1.4647908543069832)	(47.0, 1.8385217205877178)	(48.0, 2.482412273014435)	(49.0, 2.4996532141693426)	(50.0, 1.9372668142390277)	(51.0, 1.2165409417441937)	(52.0, 2.0219790455084574)	(53.0, 3.782723758023429)	(54.0, 2.4898418387665697)	(55.0, 2.427891384908369)	(56.0, 2.1721295196414823)	(57.0, 1.1058256333352188)	(58.0, 1.2453554246723126)	(59.0, 1.1837181447860154)	(60.0, 1.4743454570574324)	(61.0, 0.9249140001298111)	(62.0, 0.9914693149987267)	(63.0, 1.1679661606850305)	(64.0, 0.8272040967162919)	(65.0, 0.9814260782847171)	(66.0, 0.9202235117128734)	(67.0, 0.20202020202020202)	(68.0, 0.09090909090909091)	(69.0, 0.23376623376623376)	(70.0, 0.14285714285714285)	(71.0, 0.0)	(72.0, 0.0)	(73.0, 0.0)	(74.0, 0.0)	(75.0, 0.0)	(76.0, 0.0)	(77.0, 0.0)	(78.0, 0.0)	(79.0, 0.0)	(80.0, 0.0)	(81.0, 0.0)	(82.0, 0.0)	(83.0, 0.0)	(84.0, 0.0)	(85.0, 0.0)	(86.0, 0.0)	(87.0, 0.0)	(88.0, 0.0)	(89.0, 0.0)	(90.0, 0.0)	(91.0, 0.0)	(92.0, 0.0)	(93.0, 0.0)	(94.0, 0.0)	(95.0, 0.0)	(96.0, 0.0)	(97.0, 0.0)	(98.0, 0.0)	(99.0, 0.0)	(100.0, 0.0)
minknow_barcode02	(0.0, 0.0)	(1.0, 0.0)	(2.0, 0.0)	(3.0, 0.0)	(4.0, 0.0)	(5.0, 0.0)	(6.0, 0.1)	(7.0, 0.125)	(8.0, 0.0)	(9.0, 0.625)	(10.0, 0.5)	(11.0, 0.0)	(12.0, 0.325)	(13.0, 0.8666666666666667)	(14.0, 0.6262626262626263)	(15.0, 1.0194805194805194)	(16.0, 0.8577235772357723)	(17.0, 1.9068181818181817)	(18.0, 1.6203463203463204)	(19.0, 1.1481321147987813)	(20.0, 3.531187929717341)	(21.0, 6.066292041292041)	(22.0, 8.05290124585899)	(23.0, 9.906601731601732)	(24.0, 12.059751050472302)	(25.0, 18.61948806607019)	(26.0, 25.03382406413483)	(27.0, 28.575447330573027)	(28.0, 39.95325838174917)	(29.0, 53.4253345677037)	(30.0, 71.71409712661013)	(31.0, 87.9814185835738)	(32.0, 103.49592550338409)	(33.0, 117.5341566077934)	(34.0, 151.3955996797963)	(35.0, 162.7124177310852)	(36.0, 193.49108377898352)	(37.0, 205.91458189006357)	(38.0, 220.76745104406774)	(39.0, 245.36099517020202)	(40.0, 236.17271166487384)	(41.0, 227.17156649308396)	(42.0, 223.88369742226695)	(43.0, 217.4540388630053)	(44.0, 211.2736081462703)	(45.0, 220.67300333101602)	(46.0, 232.94412989549423)	(47.0, 232.60580385455893)	(48.0, 240.9080363569228)	(49.0, 262.319319689047)	(50.0, 264.0031318048344)	(51.0, 276.07414739680144)	(52.0, 312.6450437069238)	(53.0, 322.7907232799911)	(54.0, 320.78840555124316)	(55.0, 311.80445899959074)	(56.0, 298.7400978332674)	(57.0, 281.67891889231277)	(58.0, 263.43796438926034)	(59.0, 243.17904998929973)	(60.0, 231.96110102975177)	(61.0, 219.66214926398547)	(62.0, 198.05329743255044)	(63.0, 184.6168586805373)	(64.0, 172.68150962260296)	(65.0, 146.94943020141187)	(66.0, 125.73228047710955)	(67.0, 98.48830637591907)	(68.0, 80.11154047182396)	(69.0, 60.45632418844017)	(70.0, 46.45012870818074)	(71.0, 31.372872962032428)	(72.0, 19.216641379641842)	(73.0, 16.06676143480305)	(74.0, 11.76344579144556)	(75.0, 5.906147755072486)	(76.0, 3.763961038961039)	(77.0, 5.189285714285714)	(78.0, 2.35)	(79.0, 1.2909090909090908)	(80.0, 1.0)	(81.0, 0.25)	(82.0, 0.5909090909090909)	(83.0, 1.0)	(84.0, 0.5)	(85.0, 0.0)	(86.0, 0.0)	(87.0, 0.0)	(88.0, 0.0)	(89.0, 0.0)	(90.0, 0.0)	(91.0, 0.0)	(92.0, 0.0)	(93.0, 0.0)	(94.0, 0.0)	(95.0, 0.0)	(96.0, 0.0)	(97.0, 0.0)	(98.0, 0.0)	(99.0, 0.0)	(100.0, 0.0)
minknow_barcode03	(0.0, 0.0)	(1.0, 0.0)	(2.0, 0.0)	(3.0, 0.0)	(4.0, 0.0)	(5.0, 0.0)	(6.0, 0.0)	(7.0, 0.0)	(8.0, 0.0)	(9.0, 0.0)	(10.0, 0.0)	(11.0, 0.0)	(12.0, 0.0)	(13.0, 0.0)	(14.0, 0.0)	(15.0, 0.0)	(16.0, 0.0)	(17.0, 0.0)	(18.0, 0.0)	(19.0, 0.0)	(20.0, 0.0)	(21.0, 0.0)	(22.0, 0.0)	(23.0, 0.0)	(24.0, 0.16666666666666666)	(25.0, 0.2696078431372549)	(26.0, 0.006622516556291391)	(27.0, 0.0)	(28.0, 0.0)	(29.0, 0.2)	(30.0, 0.047619047619047616)	(31.0, 0.09523809523809523)	(32.0, 0.0)	(33.0, 0.0196078431372549)	(34.0, 0.335989010989011)	(35.0, 0.29166666666666663)	(36.0, 0.0)	(37.0, 0.03225806451612903)	(38.0, 0.15873015873015872)	(39.0, 0.0)	(40.0, 0.09090909090909091)	(41.0, 0.15275813295615276)	(42.0, 0.0)	(43.0, 0.3231671554252199)	(44.0, 0.30000000000000004)	(45.0, 0.46639344262295085)	(46.0, 0.0)	(47.0, 0.0)	(48.0, 0.0)	(49.0, 0.0)	(50.0, 0.047619047619047616)	(51.0, 0.16435026309768933)	(52.0, 0.15725806451612903)	(53.0, 0.0)	(54.0, 0.125)	(55.0, 0.125)	(56.0, 0.3178679055750879)	(57.0, 0.11529933481152993)	(58.0, 0.27166026461801107)	(59.0, 0.14285714285714285)	(60.0, 0.03225806451612903)	(61.0, 0.09675704412546518)	(62.0, 0.0)	(63.0, 0.047619047619047616)	(64.0, 0.0)	(65.0, 0.0)	(66.0, 0.1)	(67.0, 0.1)	(68.0, 0.0)	(69.0, 0.0)	(70.0, 0.0)	(71.0, 0.0)	(72.0, 0.0)	(73.0, 0.0)	(74.0, 0.0)	(75.0, 0.0)	(76.0, 0.0)	(77.0, 0.0)	(78.0, 0.0)	(79.0, 0.0)	(80.0, 0.0)	(81.0, 0.0)	(82.0, 0.0)	(83.0, 0.0)	(84.0, 0.0)	(85.0, 0.0)	(86.0, 0.0)	(87.0, 0.0)	(88.0, 0.0)	(89.0, 0.0)	(90.0, 0.0)	(91.0, 0.0)	(92.0, 0.0)	(93.0, 0.0)	(94.0, 0.0)	(95.0, 0.0)	(96.0, 0.0)	(97.0, 0.0)	(98.0, 0.0)	(99.0, 0.0)	(100.0, 0.0)
minknow_barcode04	(0.0, 0.0)	(1.0, 0.0)	(2.0, 0.0)	(3.0, 0.0)	(4.0, 0.0)	(5.0, 0.0)	(6.0, 0.0)	(7.0, 0.0)	(8.0, 0.0)	(9.0, 0.0)	(10.0, 0.0)	(11.0, 0.0)	(12.0, 0.0)	(13.0, 0.0)	(14.0, 0.0)	(15.0, 0.0)	(16.0, 0.0)	(17.0, 0.0)	(18.0, 0.0)	(19.0, 0.0)	(20.0, 0.0)	(21.0, 0.0)	(22.0, 0.0)	(23.0, 0.09090909090909091)	(24.0, 0.0)	(25.0, 0.0)	(26.0, 0.19090909090909092)	(27.0, 0.003215434083601286)	(28.0, 0.0)	(29.0, 0.0)	(30.0, 0.16722689075630254)	(31.0, 0.35396825396825393)	(32.0, 0.30158730158730157)	(33.0, 0.0)	(34.0, 0.4337662337662338)	(35.0, 0.37511520737327186)	(36.0, 0.5404255319148936)	(37.0, 0.5333333333333333)	(38.0, 0.0)	(39.0, 0.164079822616408)	(40.0, 0.36529933481153)	(41.0, 0.407258064516129)	(42.0, 0.0)	(43.0, 0.21529933481152994)	(44.0, 0.17200929152148664)	(45.0, 0.09090909090909091)	(46.0, 0.0)	(47.0, 0.6401515151515151)	(48.0, 0.606060606060606)	(49.0, 0.0)	(50.0, 0.14285714285714285)	(51.0, 0.5948773448773449)	(52.0, 0.4446078431372549)	(53.0, 0.40681818181818186)	(54.0, 0.2)	(55.0, 0.30000000000000004)	(56.0, 0.2066225165562914)	(57.0, 0.024390243902439025)	(58.0, 0.11088835770769613)	(59.0, 0.3161838161838162)	(60.0, 0.2159090909090909)	(61.0, 0.7617035546613011)	(62.0, 0.7617035546613011)	(63.0, 0.2159090909090909)	(64.0, 0.0)	(65.0, 0.0)	(66.0, 0.1111111111111111)	(67.0, 0.0)	(68.0, 0.09090909090909091)	(69.0, 0.0)	(70.0, 0.0)	(71.0, 0.0)	(72.0, 0.0)	(73.0, 0.0)	(74.0, 0.0)	(75.0, 0.0)	(76.0, 0.0)	(77.0, 0.0)	(78.0, 0.0)	(79.0, 0.0)	(80.0, 0.0)	(81.0, 0.0)	(82.0, 0.0)	(83.0, 0.0)	(84.0, 0.0)	(85.0, 0.0)	(86.0, 0.0)	(87.0, 0.0)	(88.0, 0.0)	(89.0, 0.0)	(90.0, 0.0)	(91.0, 0.0)	(92.0, 0.0)	(93.0, 0.0)	(94.0, 0.0)	(95.0, 0.0)	(96.0, 0.0)	(97.0, 0.0)	(98.0, 0.0)	(99.0, 0.0)	(100.0, 0.0)
minknow_barcode05	(0.0, 0.0)	(1.0, 0.1111111111111111)	(2.0, 0.0)	(3.0, 0.0)	(4.0, 0.25757575757575757)	(5.0, 0.25)	(6.0, 0.25)	(7.0, 0.0)	(8.0, 0.1)	(9.0, 0.6333333333333333)	(10.0, 0.1111111111111111)	(11.0, 3.3373015873015874)	(12.0, 3.4242424242424243)	(13.0, 1.4718614718614718)	(14.0, 2.185858585858586)	(15.0, 4.236234579192326)	(16.0, 4.268736908253037)	(17.0, 5.420504585020713)	(18.0, 5.345648944641073)	(19.0, 9.856550585091105)	(20.0, 13.924921375221047)	(21.0, 20.350816268857873)	(22.0, 31.654577111964432)	(23.0, 41.87436984560178)	(24.0, 61.860456830253426)	(25.0, 71.53380934626408)	(26.0, 89.29141010545312)	(27.0, 128.8693598822021)	(28.0, 190.44854150079968)	(29.0, 258.6254480394267)	(30.0, 342.62386479088576)	(31.0, 450.6314526121464)	(32.0, 560.8110280841936)	(33.0, 677.48681716078)	(34.0, 799.2111048277336)	(35.0, 925.6807518586373)	(36.0, 1007.3316393413988)	(37.0, 1040.6108154472445)	(38.0, 1080.0009017858165)	(39.0, 1050.8285909812435)	(40.0, 1013.5350506409432)	(41.0, 948.6606971115727)	(42.0, 912.8977724224164)	(43.0, 896.8845405717923)	(44.0, 912.6958019614384)	(45.0, 923.8261261985481)	(46.0, 972.7534771358423)	(47.0, 1059.8733732097724)	(48.0, 1181.549467901959)	(49.0, 1339.7319137400698)	(50.0, 1464.7468044528994)	(51.0, 1560.408915135155)	(52.0, 1651.1026466982244)	(53.0, 1603.5384041505354)	(54.0, 1529.4124075307966)	(55.0, 1371.829733675763)	(56.0, 1192.493506080134)	(57.0, 1054.4315310784016)	(58.0, 938.9483156463367)	(59.0, 881.7144781866824)	(60.0, 867.6877744692413)	(61.0, 859.3731267364495)	(62.0, 774.2807586067071)	(63.0, 636.793976247611)	(64.0, 492.43824364598026)	(65.0, 372.0427068337413)	(66.0, 287.57915807400246)	(67.0, 229.18204283752553)	(68.0, 172.19032439100042)	(69.0, 129.02373457549908)	(70.0, 85.86790583076984)	(71.0, 55.242441651097316)	(72.0, 39.361621113310456)	(73.0, 21.168562170810084)	(74.0, 13.690740921528398)	(75.0, 10.792532467532471)	(76.0, 7.303337665807607)	(77.0, 6.09534632034632)	(78.0, 3.4937229437229433)	(79.0, 2.831818181818182)	(80.0, 3.0017385839966484)	(81.0, 1.3583333333333332)	(82.0, 0.2)	(83.0, 0.0)	(84.0, 0.35)	(85.0, 0.25)	(86.0, 0.25)	(87.0, 0.0)	(88.0, 0.5)	(89.0, 0.5)	(90.0, 0.3333333333333333)	(91.0, 0.3333333333333333)	(92.0, 0.0)	(93.0, 0.0)	(94.0, 0.0)	(95.0, 0.3333333333333333)	(96.0, 0.0)	(97.0, 0.0)	(98.0, 0.0)	(99.0, 0.0)	(100.0, 0.0)
minknow_barcode06	(0.0, 0.0)	(1.0, 0.0)	(2.0, 0.0)	(3.0, 0.0)	(4.0, 0.0)	(5.0, 0.0)	(6.0, 0.0)	(7.0, 0.0)	(8.0, 0.0)	(9.0, 0.0)	(10.0, 0.0)	(11.0, 0.0)	(12.0, 0.0)	(13.0, 0.0)	(14.0, 0.0)	(15.0, 0.0)	(16.0, 0.0)	(17.0, 0.0)	(18.0, 0.0)	(19.0, 0.0)	(20.0, 0.0)	(21.0, 0.0)	(22.0, 0.0)	(23.0, 0.0)	(24.0, 0.0)	(25.0, 0.0)	(26.0, 0.14285714285714285)	(27.0, 0.35714285714285715)	(28.0, 0.2)	(29.0, 0.2)	(30.0, 0.24761904761904763)	(31.0, 0.0)	(32.0, 0.2)	(33.0, 0.09614469300333175)	(34.0, 0.09090909090909091)	(35.0, 0.16666666666666666)	(36.0, 0.20202020202020202)	(37.0, 0.19090909090909092)	(38.0, 0.25)	(39.0, 0.2)	(40.0, 0.0)	(41.0, 0.03225806451612903)	(42.0, 0.24285714285714285)	(43.0, 0.0)	(44.0, 0.0)	(45.0, 0.22969406692513195)	(46.0, 0.29845415480774595)	(47.0, 0.35674931129476584)	(48.0, 0.13852813852813853)	(49.0, 0.047619047619047616)	(50.0, 0.10730253353204174)	(51.0, 0.05525263540530716)	(52.0, 0.0)	(53.0, 0.43333333333333335)	(54.0, 0.047619047619047616)	(55.0, 0.19090909090909092)	(56.0, 0.09090909090909091)	(57.0, 0.3051948051948052)	(58.0, 0.017581281106586515)	(59.0, 0.32316715542521995)	(60.0, 0.2111111111111111)	(61.0, 0.2)	(62.0, 0.0)	(63.0, 0.0)	(64.0, 0.0)	(65.0, 0.07987711213517665)	(66.0, 0.0)	(67.0, 0.0)	(68.0, 0.0)	(69.0, 0.0)	(70.0, 0.0)	(71.0, 0.2)	(72.0, 0.0)	(73.0, 0.0)	(74.0, 0.0)	(75.0, 0.1)	(76.0, 0.0)	(77.0, 0.0)	(78.0, 0.0)	(79.0, 0.0)	(80.0, 0.0)	(81.0, 0.0)	(82.0, 0.0)	(83.0, 0.0)	(84.0, 0.0)	(85.0, 0.0)	(86.0, 0.0)	(87.0, 0.0)	(88.0, 0.0)	(89.0, 0.0)	(90.0, 0.0)	(91.0, 0.0)	(92.0, 0.0)	(93.0, 0.0)	(94.0, 0.0)	(95.0, 0.0)	(96.0, 0.0)	(97.0, 0.0)	(98.0, 0.0)	(99.0, 0.0)	(100.0, 0.0)
minknow_barcode07	(0.0, 0.0)	(1.0, 0.0)	(2.0, 0.0)	(3.0, 0.0)	(4.0, 0.0)	(5.0, 0.0)	(6.0, 0.0)	(7.0, 0.0)	(8.0, 0.0)	(9.0, 0.0)	(10.0, 0.0)	(11.0, 0.0)	(12.0, 0.0)	(13.0, 0.0)	(14.0, 0.0)	(15.0, 0.0)	(16.0, 0.0)	(17.0, 0.0)	(18.0, 0.0)	(19.0, 0.0)	(20.0, 0.0)	(21.0, 0.0)	(22.0, 0.0)	(23.0, 0.0)	(24.0, 0.0)	(25.0, 0.0)	(26.0, 0.14285714285714285)	(27.0, 0.0)	(28.0, 0.16666666666666666)	(29.0, 0.5833333333333333)	(30.0, 0.25)	(31.0, 0.09090909090909091)	(32.0, 0.0)	(33.0, 0.047619047619047616)	(34.0, 0.09523809523809523)	(35.0, 0.19090909090909092)	(36.0, 0.047619047619047616)	(37.0, 0.09446780977030088)	(38.0, 0.0)	(39.0, 0.41407624633431084)	(40.0, 0.0)	(41.0, 0.0)	(42.0, 0.0)	(43.0, 0.0)	(44.0, 0.25)	(45.0, 0.41666666666666663)	(46.0, 0.18627450980392157)	(47.0, 0.0)	(48.0, 0.125)	(49.0, 0.43452380952380953)	(50.0, 0.2909090909090909)	(51.0, 0.09090909090909091)	(52.0, 0.125)	(53.0, 0.0)	(54.0, 0.008264462809917356)	(55.0, 0.253690036900369)	(56.0, 0.48225806451612907)	(57.0, 0.3105169340463458)	(58.0, 0.20657715385399186)	(59.0, 0.016523506655301293)	(60.0, 0.0)	(61.0, 0.09090909090909091)	(62.0, 0.0)	(63.0, 0.0)	(64.0, 0.0)	(65.0, 0.0)	(66.0, 0.2)	(67.0, 0.0)	(68.0, 0.0)	(69.0, 0.0)	(70.0, 0.0)	(71.0, 0.0)	(72.0, 0.0)	(73.0, 0.0)	(74.0, 0.0)	(75.0, 0.0)	(76.0, 0.0)	(77.0, 0.0)	(78.0, 0.0)	(79.0, 0.0)	(80.0, 0.0)	(81.0, 0.0)	(82.0, 0.0)	(83.0, 0.0)	(84.0, 0.0)	(85.0, 0.0)	(86.0, 0.0)	(87.0, 0.0)	(88.0, 0.0)	(89.0, 0.0)	(90.0, 0.0)	(91.0, 0.0)	(92.0, 0.0)	(93.0, 0.0)	(94.0, 0.0)	(95.0, 0.0)	(96.0, 0.0)	(97.0, 0.0)	(98.0, 0.0)	(99.0, 0.0)	(100.0, 0.0)
minknow_barcode08	(0.0, 0.0)	(1.0, 0.0)	(2.0, 0.0)	(3.0, 0.0)	(4.0, 0.0)	(5.0, 0.0)	(6.0, 0.0)	(7.0, 0.0)	(8.0, 0.0)	(9.0, 0.0)	(10.0, 0.0)	(11.0, 0.0)	(12.0, 0.0)	(13.0, 0.0)	(14.0, 0.0)	(15.0, 0.0)	(16.0, 0.0)	(17.0, 0.0)	(18.0, 0.0)	(19.0, 0.0)	(20.0, 0.0)	(21.0, 0.0)	(22.0, 0.0)	(23.0, 0.0)	(24.0, 0.0)	(25.0, 0.0)	(26.0, 0.09090909090909091)	(27.0, 0.09090909090909091)	(28.0, 0.2857142857142857)	(29.0, 0.23376623376623376)	(30.0, 0.2)	(31.0, 0.09090909090909091)	(32.0, 0.14285714285714285)	(33.0, 0.0)	(34.0, 0.4734848484848485)	(35.0, 0.3068181818181818)	(36.0, 0.15384615384615383)	(37.0, 0.5843158428034155)	(38.0, 0.27987711213517663)	(39.0, 0.0)	(40.0, 0.03846924464035263)	(41.0, 0.03225806451612903)	(42.0, 0.0)	(43.0, 0.0)	(44.0, 0.4242424242424242)	(45.0, 0.09090909090909091)	(46.0, 0.29047619047619044)	(47.0, 0.24285714285714285)	(48.0, 0.014084507042253521)	(49.0, 0.4304696889572617)	(50.0, 0.2)	(51.0, 0.23225806451612904)	(52.0, 0.21542585197746295)	(53.0, 0.4005602240896358)	(54.0, 0.5765804088384733)	(55.0, 0.09753160746538231)	(56.0, 0.41149088835602465)	(57.0, 0.5643939393939393)	(58.0, 0.38383838383838387)	(59.0, 0.827020202020202)	(60.0, 0.5)	(61.0, 0.009009009009009009)	(62.0, 0.0)	(63.0, 0.14285714285714285)	(64.0, 0.0)	(65.0, 0.18181818181818182)	(66.0, 0.0)	(67.0, 0.047619047619047616)	(68.0, 0.25)	(69.0, 0.25)	(70.0, 0.0)	(71.0, 0.0)	(72.0, 0.0)	(73.0, 0.0)	(74.0, 0.0)	(75.0, 0.0)	(76.0, 0.0)	(77.0, 0.0)	(78.0, 0.0)	(79.0, 0.0)	(80.0, 0.0)	(81.0, 0.0)	(82.0, 0.0)	(83.0, 0.0)	(84.0, 0.0)	(85.0, 0.0)	(86.0, 0.0)	(87.0, 0.0)	(88.0, 0.0)	(89.0, 0.0)	(90.0, 0.0)	(91.0, 0.0)	(92.0, 0.0)	(93.0, 0.0)	(94.0, 0.0)	(95.0, 0.0)	(96.0, 0.0)	(97.0, 0.0)	(98.0, 0.0)	(99.0, 0.0)	(100.0, 0.0)
minknow_barcode09	(0.0, 0.0)	(1.0, 0.0)	(2.0, 0.0)	(3.0, 0.0)	(4.0, 0.0)	(5.0, 0.0)	(6.0, 0.0)	(7.0, 0.0)	(8.0, 0.0)	(9.0, 0.09090909090909091)	(10.0, 0.5909090909090909)	(11.0, 0.5)	(12.0, 0.0)	(13.0, 0.09090909090909091)	(14.0, 0.0)	(15.0, 0.0)	(16.0, 0.5444444444444444)	(17.0, 0.9575757575757575)	(18.0, 1.1666666666666665)	(19.0, 1.6666666666666665)	(20.0, 4.625)	(21.0, 6.988528138528138)	(22.0, 10.182005539263605)	(23.0, 12.220743145743148)	(24.0, 13.691017316017314)	(25.0, 19.91678885630498)	(26.0, 20.83914493365712)	(27.0, 33.56036403713428)	(28.0, 48.66600642350633)	(29.0, 61.00994965038491)	(30.0, 65.69088460997341)	(31.0, 80.71486268403628)	(32.0, 101.66448085044685)	(33.0, 117.16151971046115)	(34.0, 133.45177684385922)	(35.0, 140.86758622670217)	(36.0, 131.94021368750504)	(37.0, 158.13285354079187)	(38.0, 173.36568063943)	(39.0, 164.51540840227068)	(40.0, 152.75820092520874)	(41.0, 150.10335881703085)	(42.0, 156.56497518746602)	(43.0, 154.2962033014499)	(44.0, 157.34546956000443)	(45.0, 150.62252599305876)	(46.0, 149.50920476933084)	(47.0, 160.86762338084432)	(48.0, 173.30667623136162)	(49.0, 165.86088605786946)	(50.0, 159.52539293753776)	(51.0, 174.48688243030193)	(52.0, 170.79945272610217)	(53.0, 180.2994262572054)	(54.0, 181.5296672675574)	(55.0, 164.8843660578875)	(56.0, 158.43517706580624)	(57.0, 140.7787892951321)	(58.0, 122.89588321144849)	(59.0, 117.72382439936979)	(60.0, 92.56652647479818)	(61.0, 73.57823465756707)	(62.0, 70.14856554381036)	(63.0, 57.4803356835961)	(64.0, 45.152971807516955)	(65.0, 41.72187165550406)	(66.0, 35.557997803606334)	(67.0, 26.141476411995818)	(68.0, 21.222157054415117)	(69.0, 13.862507682019874)	(70.0, 8.01036731135574)	(71.0, 7.309523809523809)	(72.0, 6.073917748917747)	(73.0, 2.471861471861472)	(74.0, 2.8825757575757573)	(75.0, 1.6428571428571428)	(76.0, 1.0)	(77.0, 0.5)	(78.0, 0.75)	(79.0, 0.0)	(80.0, 0.5)	(81.0, 0.5)	(82.0, 0.0)	(83.0, 0.5)	(84.0, 0.5)	(85.0, 0.0)	(86.0, 0.0)	(87.0, 0.0)	(88.0, 0.0)	(89.0, 0.0)	(90.0, 0.0)	(91.0, 0.0)	(92.0, 0.0)	(93.0, 0.0)	(94.0, 0.0)	(95.0, 0.0)	(96.0, 0.0)	(97.0, 0.0)	(98.0, 0.0)	(99.0, 0.0)	(100.0, 0.0)
minknow_barcode10	(0.0, 0.0)	(1.0, 0.0)	(2.0, 0.0)	(3.0, 0.0)	(4.0, 0.0)	(5.0, 0.14285714285714285)	(6.0, 0.5)	(7.0, 0.5)	(8.0, 0.3333333333333333)	(9.0, 0.0)	(10.0, 0.0)	(11.0, 0.75)	(12.0, 0.7)	(13.0, 0.4040404040404041)	(14.0, 1.0833333333333333)	(15.0, 1.2575757575757576)	(16.0, 1.2)	(17.0, 1.6166666666666665)	(18.0, 1.549242424242424)	(19.0, 4.2178571428571425)	(20.0, 7.109523809523809)	(21.0, 5.542857142857144)	(22.0, 6.69840270419018)	(23.0, 11.323356879144358)	(24.0, 11.281833558063068)	(25.0, 14.202690310936802)	(26.0, 19.750498575798243)	(27.0, 23.81308061211292)	(28.0, 36.57239095720644)	(29.0, 47.43275077343976)	(30.0, 54.30105950503023)	(31.0, 67.32733844069206)	(32.0, 84.9631022457361)	(33.0, 94.53586101075369)	(34.0, 108.16241487625558)	(35.0, 130.65760628920356)	(36.0, 148.93565157303644)	(37.0, 151.5175609946262)	(38.0, 155.19306864712547)	(39.0, 169.9665270281033)	(40.0, 165.97719864840775)	(41.0, 177.28606402146025)	(42.0, 174.94721284556275)	(43.0, 187.578461180668)	(44.0, 191.75619502716938)	(45.0, 196.50001745152707)	(46.0, 206.66917703794937)	(47.0, 218.89075693670327)	(48.0, 210.97278790156244)	(49.0, 227.15698622723423)	(50.0, 227.44143295314456)	(51.0, 226.2545254065863)	(52.0, 220.7671005539695)	(53.0, 226.72821772377822)	(54.0, 228.37204651041606)	(55.0, 205.41946140584886)	(56.0, 185.67954939805395)	(57.0, 186.72610666147042)	(58.0, 167.00118402883342)	(59.0, 141.5441048821892)	(60.0, 135.36352500001638)	(61.0, 127.16677382471376)	(62.0, 112.62723597346579)	(63.0, 93.17017673011232)	(64.0, 85.26003940350958)	(65.0, 74.52783003628163)	(66.0, 60.68090541278548)	(67.0, 45.37213522374811)	(68.0, 32.772228842170605)	(69.0, 27.199778808463723)	(70.0, 20.13546609501572)	(71.0, 10.966252552280473)	(72.0, 7.142962272588759)	(73.0, 5.6918470418470415)	(74.0, 3.5438311688311686)	(75.0, 1.3996392496392498)	(76.0, 0.7976190476190477)	(77.0, 0.75)	(78.0, 0.9242424242424242)	(79.0, 0.3333333333333333)	(80.0, 0.0)	(81.0, 0.0)	(82.0, 0.0)	(83.0, 0.0)	(84.0, 0.0)	(85.0, 0.0)	(86.0, 0.0)	(87.0, 0.0)	(88.0, 0.0)	(89.0, 0.0)	(90.0, 0.0)	(91.0, 0.0)	(92.0, 0.0)	(93.0, 0.0)	(94.0, 0.0)	(95.0, 0.0)	(96.0, 0.0)	(97.0, 0.0)	(98.0, 0.0)	(99.0, 0.0)	(100.0, 0.0)
minknow_barcode11	(0.0, 0.0)	(1.0, 0.0)	(2.0, 0.0)	(3.0, 0.0)	(4.0, 0.0)	(5.0, 0.1111111111111111)	(6.0, 0.1111111111111111)	(7.0, 0.0)	(8.0, 0.0)	(9.0, 0.0)	(10.0, 0.0)	(11.0, 0.0)	(12.0, 0.09090909090909091)	(13.0, 0.09090909090909091)	(14.0, 0.19090909090909092)	(15.0, 0.6666666666666666)	(16.0, 0.8978494623655914)	(17.0, 1.9635281385281387)	(18.0, 1.5444444444444443)	(19.0, 2.257575757575758)	(20.0, 3.1143939393939393)	(21.0, 1.6454941400063352)	(22.0, 4.3137636872931)	(23.0, 5.691216586958291)	(24.0, 9.310796937567197)	(25.0, 12.030801213275089)	(26.0, 15.284676434676438)	(27.0, 22.78938192709331)	(28.0, 33.47464340570527)	(29.0, 45.40059270041658)	(30.0, 56.54248316041355)	(31.0, 73.24469812830957)	(32.0, 85.49534492944211)	(33.0, 101.8544000832128)	(34.0, 127.33576913780459)	(35.0, 137.69660409599354)	(36.0, 158.65876165384017)	(37.0, 173.90971164259875)	(38.0, 190.9762891832629)	(39.0, 188.3627628441681)	(40.0, 187.60848412022827)	(41.0, 198.9486359884705)	(42.0, 213.55750925044626)	(43.0, 216.4962124215533)	(44.0, 218.31306136260784)	(45.0, 239.88178570653378)	(46.0, 260.4781928361638)	(47.0, 271.11268464593746)	(48.0, 299.50649576872235)	(49.0, 320.6705424484377)	(50.0, 340.47374039968736)	(51.0, 358.76560256993486)	(52.0, 369.5192524479547)	(53.0, 394.37489522661934)	(54.0, 390.64196883547515)	(55.0, 371.8673713526204)	(56.0, 340.32610702201526)	(57.0, 324.75328212537863)	(58.0, 314.7553129291033)	(59.0, 299.19469107110694)	(60.0, 308.3605070945733)	(61.0, 300.14951177440304)	(62.0, 289.3341089532465)	(63.0, 247.7974994861854)	(64.0, 207.6151249189948)	(65.0, 166.6940125055849)	(66.0, 147.03854897794443)	(67.0, 110.82707605562877)	(68.0, 83.86639892581003)	(69.0, 64.75636773785767)	(70.0, 40.548382424177596)	(71.0, 29.597154303472276)	(72.0, 26.959197166922724)	(73.0, 14.935218136747315)	(74.0, 7.831050611838088)	(75.0, 6.360469777136443)	(76.0, 4.799675324675325)	(77.0, 3.9595238095238092)	(78.0, 1.6444444444444444)	(79.0, 1.174242424242424)	(80.0, 0.5)	(81.0, 0.0)	(82.0, 0.0)	(83.0, 0.0)	(84.0, 0.3333333333333333)	(85.0, 0.0)	(86.0, 0.0)	(87.0, 0.0)	(88.0, 0.0)	(89.0, 0.0)	(90.0, 0.0)	(91.0, 0.0)	(92.0, 0.0)	(93.0, 0.0)	(94.0, 0.0)	(95.0, 0.0)	(96.0, 0.0)	(97.0, 0.0)	(98.0, 0.0)	(99.0, 0.0)	(100.0, 0.0)
minknow_barcode12	(0.0, 0.0)	(1.0, 0.0)	(2.0, 0.0)	(3.0, 0.0)	(4.0, 0.0)	(5.0, 0.0)	(6.0, 0.0)	(7.0, 0.0)	(8.0, 0.0)	(9.0, 0.0)	(10.0, 0.0)	(11.0, 0.0)	(12.0, 0.0)	(13.0, 0.0)	(14.0, 0.0)	(15.0, 0.0)	(16.0, 0.0)	(17.0, 0.0)	(18.0, 0.0)	(19.0, 0.0)	(20.0, 0.0)	(21.0, 0.0)	(22.0, 0.0)	(23.0, 0.0)	(24.0, 0.14285714285714285)	(25.0, 0.0)	(26.0, 0.0)	(27.0, 0.0)	(28.0, 0.0)	(29.0, 0.125)	(30.0, 0.047619047619047616)	(31.0, 0.0)	(32.0, 0.0)	(33.0, 0.01098901098901099)	(34.0, 0.45)	(35.0, 0.4043290043290043)	(36.0, 0.0)	(37.0, 0.3299109267695655)	(38.0, 0.5111111111111111)	(39.0, 0.5)	(40.0, 1.1111111111111112)	(41.0, 2.5)	(42.0, 5.5)	(43.0, 8.833333333333334)	(44.0, 33.92424242424242)	(45.0, 58.0)	(46.0, 31.76666666666667)	(47.0, 3.1666666666666665)	(48.0, 2.6)	(49.0, 2.0)	(50.0, 0.9)	(51.0, 0.37378048780487805)	(52.0, 0.39285714285714285)	(53.0, 0.3111111111111111)	(54.0, 0.2)	(55.0, 0.2)	(56.0, 0.09090909090909091)	(57.0, 0.12356379762144729)	(58.0, 0.16791487094991214)	(59.0, 0.0035587188612099642)	(60.0, 0.047619047619047616)	(61.0, 0.09523809523809523)	(62.0, 0.2)	(63.0, 0.16666666666666666)	(64.0, 0.0)	(65.0, 0.2)	(66.0, 0.0)	(67.0, 0.0)	(68.0, 0.0)	(69.0, 0.25)	(70.0, 0.0)	(71.0, 0.0)	(72.0, 0.0)	(73.0, 0.0)	(74.0, 0.0)	(75.0, 0.0)	(76.0, 0.0)	(77.0, 0.0)	(78.0, 0.0)	(79.0, 0.0)	(80.0, 0.0)	(81.0, 0.0)	(82.0, 0.0)	(83.0, 0.0)	(84.0, 0.0)	(85.0, 0.0)	(86.0, 0.0)	(87.0, 0.0)	(88.0, 0.0)	(89.0, 0.0)	(90.0, 0.0)	(91.0, 0.0)	(92.0, 0.0)	(93.0, 0.0)	(94.0, 0.0)	(95.0, 0.0)	(96.0, 0.0)	(97.0, 0.0)	(98.0, 0.0)	(99.0, 0.0)	(100.0, 0.0)
minknow_barcode13	(0.0, 0.0)	(1.0, 0.0)	(2.0, 0.0)	(3.0, 0.0)	(4.0, 0.0)	(5.0, 0.0)	(6.0, 0.0)	(7.0, 0.0)	(8.0, 0.0)	(9.0, 0.0)	(10.0, 0.0)	(11.0, 0.0)	(12.0, 0.0)	(13.0, 0.0)	(14.0, 0.0)	(15.0, 0.0)	(16.0, 0.0)	(17.0, 0.0)	(18.0, 0.0)	(19.0, 0.0)	(20.0, 0.0)	(21.0, 0.0)	(22.0, 0.0)	(23.0, 0.0)	(24.0, 0.25)	(25.0, 0.0)	(26.0, 0.0)	(27.0, 0.0)	(28.0, 0.0)	(29.0, 0.0)	(30.0, 0.3385281385281385)	(31.0, 0.2909090909090909)	(32.0, 0.0)	(33.0, 0.10763358778625955)	(34.0, 0.1111111111111111)	(35.0, 0.1111111111111111)	(36.0, 0.25)	(37.0, 0.38181818181818183)	(38.0, 0.45757575757575764)	(39.0, 0.03225806451612903)	(40.0, 0.33225806451612905)	(41.0, 0.01098901098901099)	(42.0, 0.012345679012345678)	(43.0, 0.0)	(44.0, 0.0)	(45.0, 0.2991735537190082)	(46.0, 0.4976190476190476)	(47.0, 0.05186590765338393)	(48.0, 0.03225806451612903)	(49.0, 0.0)	(50.0, 0.0)	(51.0, 0.03225806451612903)	(52.0, 0.13852813852813853)	(53.0, 0.24761904761904763)	(54.0, 0.008256750130494615)	(55.0, 0.047619047619047616)	(56.0, 0.0)	(57.0, 0.17261904761904762)	(58.0, 0.24285714285714285)	(59.0, 0.30952380952380953)	(60.0, 0.1)	(61.0, 0.0)	(62.0, 0.09090909090909091)	(63.0, 0.0)	(64.0, 0.2)	(65.0, 0.0)	(66.0, 0.0)	(67.0, 0.0)	(68.0, 0.0)	(69.0, 0.0)	(70.0, 0.0)	(71.0, 0.0)	(72.0, 0.0)	(73.0, 0.0)	(74.0, 0.0)	(75.0, 0.0)	(76.0, 0.0)	(77.0, 0.0)	(78.0, 0.0)	(79.0, 0.0)	(80.0, 0.0)	(81.0, 0.0)	(82.0, 0.0)	(83.0, 0.0)	(84.0, 0.0)	(85.0, 0.0)	(86.0, 0.0)	(87.0, 0.0)	(88.0, 0.0)	(89.0, 0.0)	(90.0, 0.0)	(91.0, 0.0)	(92.0, 0.0)	(93.0, 0.0)	(94.0, 0.0)	(95.0, 0.0)	(96.0, 0.0)	(97.0, 0.0)	(98.0, 0.0)	(99.0, 0.0)	(100.0, 0.0)
minknow_barcode14	(0.0, 0.0)	(1.0, 0.0)	(2.0, 0.0)	(3.0, 0.0)	(4.0, 0.0)	(5.0, 0.0)	(6.0, 0.0)	(7.0, 0.0)	(8.0, 0.0)	(9.0, 0.0)	(10.0, 0.0)	(11.0, 0.0)	(12.0, 0.25)	(13.0, 0.25)	(14.0, 0.0)	(15.0, 0.0)	(16.0, 0.5)	(17.0, 0.5)	(18.0, 0.0)	(19.0, 0.0)	(20.0, 0.0)	(21.0, 1.049726775956284)	(22.0, 0.9663934426229508)	(23.0, 1.948051948051948)	(24.0, 4.471861471861471)	(25.0, 4.221861471861471)	(26.0, 2.1837662337662334)	(27.0, 4.516666666666667)	(28.0, 8.124639249639248)	(29.0, 10.235120108649523)	(30.0, 10.7239898989899)	(31.0, 15.24297338464005)	(32.0, 17.899220313736443)	(33.0, 14.808336852849049)	(34.0, 17.557753234331432)	(35.0, 19.930835462065165)	(36.0, 23.988234095432045)	(37.0, 30.783997700973902)	(38.0, 30.31667920245251)	(39.0, 26.82431967704351)	(40.0, 23.1851897957473)	(41.0, 26.241779953258476)	(42.0, 27.085338463878976)	(43.0, 24.355371124012155)	(44.0, 19.284558284317203)	(45.0, 21.326414416230214)	(46.0, 23.117022665444782)	(47.0, 27.477324268069903)	(48.0, 28.650654789438086)	(49.0, 27.014646962709254)	(50.0, 22.152154171882174)	(51.0, 17.41410351753491)	(52.0, 18.480599120414922)	(53.0, 22.92189910290239)	(54.0, 25.844192086410526)	(55.0, 24.57500018972914)	(56.0, 20.5433446271069)	(57.0, 22.35900235157981)	(58.0, 24.402832949469865)	(59.0, 14.119369980764649)	(60.0, 12.678285081284852)	(61.0, 14.282955671288375)	(62.0, 11.410584984509718)	(63.0, 9.897677481165053)	(64.0, 10.874675324675325)	(65.0, 10.140656565656565)	(66.0, 9.77447041064927)	(67.0, 5.229877112135177)	(68.0, 3.946335589293336)	(69.0, 2.224675324675325)	(70.0, 2.381818181818182)	(71.0, 2.627496159754224)	(72.0, 1.2476190476190476)	(73.0, 0.5476190476190477)	(74.0, 0.0)	(75.0, 0.0)	(76.0, 0.0)	(77.0, 0.0)	(78.0, 0.0)	(79.0, 0.0)	(80.0, 0.0)	(81.0, 0.5)	(82.0, 0.5)	(83.0, 0.0)	(84.0, 0.0)	(85.0, 0.0)	(86.0, 0.0)	(87.0, 0.0)	(88.0, 0.0)	(89.0, 0.0)	(90.0, 0.0)	(91.0, 0.0)	(92.0, 0.0)	(93.0, 0.0)	(94.0, 0.0)	(95.0, 0.0)	(96.0, 0.0)	(97.0, 0.0)	(98.0, 0.0)	(99.0, 0.0)	(100.0, 0.0)
minknow_barcode15	(0.0, 0.0)	(1.0, 0.0)	(2.0, 0.0)	(3.0, 0.0)	(4.0, 0.0)	(5.0, 0.0)	(6.0, 0.0)	(7.0, 0.0)	(8.0, 0.0)	(9.0, 0.0)	(10.0, 0.6666666666666666)	(11.0, 0.5909090909090909)	(12.0, 0.5909090909090909)	(13.0, 1.0294372294372296)	(14.0, 0.6941638608305275)	(15.0, 1.1666666666666665)	(16.0, 1.0)	(17.0, 1.5)	(18.0, 1.6253968253968254)	(19.0, 0.9361471861471863)	(20.0, 2.469736564248759)	(21.0, 5.947117516629711)	(22.0, 9.015627472885539)	(23.0, 11.592011596491838)	(24.0, 13.614342736116928)	(25.0, 14.05578877519184)	(26.0, 19.51709210851769)	(27.0, 32.59498241200656)	(28.0, 42.04924588996253)	(29.0, 44.63757997071104)	(30.0, 56.61770360019347)	(31.0, 65.9211179665328)	(32.0, 67.80339165673459)	(33.0, 81.90784587765859)	(34.0, 99.8981373822537)	(35.0, 100.01671562260377)	(36.0, 100.1282435494925)	(37.0, 112.09505725469808)	(38.0, 118.38303997767277)	(39.0, 116.89280881864372)	(40.0, 119.36433601625944)	(41.0, 120.44177977486757)	(42.0, 115.15009157142865)	(43.0, 106.24209271394247)	(44.0, 107.44625996205689)	(45.0, 111.01511920513065)	(46.0, 107.69144579375404)	(47.0, 104.92744473743419)	(48.0, 113.62713436347819)	(49.0, 111.46938088009468)	(50.0, 115.43703111519652)	(51.0, 127.78029928990765)	(52.0, 126.93883272925193)	(53.0, 127.24008134512776)	(54.0, 125.26989265650224)	(55.0, 113.82577839891992)	(56.0, 109.18113568843805)	(57.0, 106.97015832222844)	(58.0, 96.7502305160005)	(59.0, 86.25511312080272)	(60.0, 80.89141663504178)	(61.0, 78.73388281288311)	(62.0, 71.75093882778393)	(63.0, 65.27113899059455)	(64.0, 58.830799340936345)	(65.0, 56.584748120805216)	(66.0, 42.57609687393828)	(67.0, 23.4912991438856)	(68.0, 21.802755251787623)	(69.0, 19.244583532735895)	(70.0, 15.762192618183395)	(71.0, 9.910484378525982)	(72.0, 4.61038961038961)	(73.0, 4.1962517157639105)	(74.0, 4.641666666666666)	(75.0, 3.049242424242424)	(76.0, 0.5476190476190477)	(77.0, 1.8333333333333333)	(78.0, 1.5)	(79.0, 0.8333333333333333)	(80.0, 0.3333333333333333)	(81.0, 0.0)	(82.0, 0.0)	(83.0, 0.25)	(84.0, 0.0)	(85.0, 0.0)	(86.0, 0.0)	(87.0, 0.0)	(88.0, 0.14285714285714285)	(89.0, 0.0)	(90.0, 0.0)	(91.0, 0.0)	(92.0, 0.0)	(93.0, 0.0)	(94.0, 0.0)	(95.0, 0.0)	(96.0, 0.0)	(97.0, 0.0)	(98.0, 0.0)	(99.0, 0.0)	(100.0, 0.0)
minknow_barcode16	(0.0, 0.0)	(1.0, 0.0)	(2.0, 0.0)	(3.0, 0.0)	(4.0, 0.0)	(5.0, 0.0)	(6.0, 0.0)	(7.0, 0.0)	(8.0, 0.0)	(9.0, 0.0)	(10.0, 0.0)	(11.0, 0.0)	(12.0, 0.0)	(13.0, 0.0)	(14.0, 0.0)	(15.0, 0.0)	(16.0, 0.0)	(17.0, 0.0)	(18.0, 0.0)	(19.0, 0.0)	(20.0, 0.0)	(21.0, 0.0)	(22.0, 0.0)	(23.0, 0.0)	(24.0, 0.0)	(25.0, 0.0)	(26.0, 0.0)	(27.0, 0.0)	(28.0, 0.0)	(29.0, 0.0)	(30.0, 0.09090909090909091)	(31.0, 0.0)	(32.0, 0.0)	(33.0, 0.0)	(34.0, 0.09090909090909091)	(35.0, 0.0)	(36.0, 0.24816715542521994)	(37.0, 0.1989247311827957)	(38.0, 0.0)	(39.0, 0.0)	(40.0, 0.03225806451612903)	(41.0, 0.0)	(42.0, 0.0)	(43.0, 0.09523809523809523)	(44.0, 0.0)	(45.0, 0.125)	(46.0, 0.45)	(47.0, 0.047619047619047616)	(48.0, 0.0)	(49.0, 0.0)	(50.0, 0.0)	(51.0, 0.047619047619047616)	(52.0, 0.047619047619047616)	(53.0, 0.13225806451612904)	(54.0, 0.19090909090909092)	(55.0, 0.09393023894534469)	(56.0, 0.3333333333333333)	(57.0, 0.4583333333333333)	(58.0, 0.0)	(59.0, 0.391707965237377)	(60.0, 0.45)	(61.0, 0.03225806451612903)	(62.0, 0.09090909090909091)	(63.0, 0.0)	(64.0, 0.0)	(65.0, 0.0)	(66.0, 0.0)	(67.0, 0.0)	(68.0, 0.0)	(69.0, 0.0)	(70.0, 0.0)	(71.0, 0.0)	(72.0, 0.0)	(73.0, 0.0)	(74.0, 0.0)	(75.0, 0.0)	(76.0, 0.0)	(77.0, 0.0)	(78.0, 0.0)	(79.0, 0.0)	(80.0, 0.0)	(81.0, 0.0)	(82.0, 0.0)	(83.0, 0.0)	(84.0, 0.0)	(85.0, 0.0)	(86.0, 0.0)	(87.0, 0.0)	(88.0, 0.0)	(89.0, 0.0)	(90.0, 0.0)	(91.0, 0.0)	(92.0, 0.0)	(93.0, 0.0)	(94.0, 0.0)	(95.0, 0.0)	(96.0, 0.0)	(97.0, 0.0)	(98.0, 0.0)	(99.0, 0.0)	(100.0, 0.0)
minknow_barcode17	(0.0, 2.5476190476190474)	(1.0, 2.1075757575757574)	(2.0, 3.7643939393939396)	(3.0, 4.3136363636363635)	(4.0, 6.273917748917749)	(5.0, 10.79888167388167)	(6.0, 17.563643345901408)	(7.0, 31.021825396825392)	(8.0, 44.90844155844158)	(9.0, 70.59859307359315)	(10.0, 102.34743867243861)	(11.0, 174.39870129870144)	(12.0, 267.8424742819909)	(13.0, 384.2834967320245)	(14.0, 537.7444519342645)	(15.0, 734.8651415209326)	(16.0, 994.5159717543331)	(17.0, 1313.7658709309749)	(18.0, 1667.067744328429)	(19.0, 2052.883216089418)	(20.0, 2499.850541020476)	(21.0, 3107.516134370481)	(22.0, 3762.9315446524297)	(23.0, 4489.950100766421)	(24.0, 5280.163722028383)	(25.0, 6150.149145345812)	(26.0, 7091.971318673064)	(27.0, 8070.391744207075)	(28.0, 9018.575524070817)	(29.0, 10244.19749077751)	(30.0, 11396.543324292114)	(31.0, 12576.14776822437)	(32.0, 13857.542684616104)	(33.0, 14954.020219732862)	(34.0, 15746.819951248926)	(35.0, 16267.196598254424)	(36.0, 16483.676560051543)	(37.0, 16411.848091245305)	(38.0, 15895.605586064716)	(39.0, 15245.820149285331)	(40.0, 14439.991036027175)	(41.0, 13648.556784612474)	(42.0, 13025.537188705812)	(43.0, 12173.383379357048)	(44.0, 11307.661734790325)	(45.0, 10628.836018121789)	(46.0, 10136.538245033487)	(47.0, 9868.20454279229)	(48.0, 9551.74020909916)	(49.0, 9215.001074970483)	(50.0, 8954.64248272639)	(51.0, 8487.594699734631)	(52.0, 8013.044125513472)	(53.0, 7628.694604879365)	(54.0, 7104.915859722384)	(55.0, 6642.385132692858)	(56.0, 6114.18878284069)	(57.0, 5651.123442148725)	(58.0, 5201.356305910331)	(59.0, 4779.726759912503)	(60.0, 4327.129300620949)	(61.0, 3863.29250726996)	(62.0, 3368.5570845670727)	(63.0, 2984.851560634596)	(64.0, 2606.8183381821077)	(65.0, 2260.0724721325555)	(66.0, 1962.402028440448)	(67.0, 1691.584956923487)	(68.0, 1391.5601043862464)	(69.0, 1176.1465045789998)	(70.0, 979.052428766386)	(71.0, 757.8045476921262)	(72.0, 618.438002040499)	(73.0, 492.29716709808645)	(74.0, 384.9554917206442)	(75.0, 289.87586431535493)	(76.0, 204.15176971077304)	(77.0, 159.23301569704017)	(78.0, 118.35668784620391)	(79.0, 80.56360028860027)	(80.0, 63.09267676767682)	(81.0, 51.84805194805197)	(82.0, 41.04484126984127)	(83.0, 25.806818181818173)	(84.0, 17.87467532467532)	(85.0, 15.01244588744589)	(86.0, 15.457366289624357)	(87.0, 10.163751571009637)	(88.0, 6.235714285714286)	(89.0, 3.5357142857142856)	(90.0, 1.3333333333333333)	(91.0, 0.8666666666666667)	(92.0, 2.2853535353535355)	(93.0, 2.0)	(94.0, 1.2)	(95.0, 0.8333333333333333)	(96.0, 0.3333333333333333)	(97.0, 0.25)	(98.0, 0.5833333333333333)	(99.0, 0.5)	(100.0, 0.9166666666666666)
minknow_barcode18	(0.0, 2.5)	(1.0, 2.466666666666667)	(2.0, 2.999242424242424)	(3.0, 5.075)	(4.0, 6.823484848484848)	(5.0, 8.090151515151515)	(6.0, 15.574386724386727)	(7.0, 20.33737373737374)	(8.0, 27.22157287157287)	(9.0, 41.91273448773452)	(10.0, 60.3668470418471)	(11.0, 82.80317460317464)	(12.0, 119.89347041847034)	(13.0, 168.00534608760424)	(14.0, 259.84509379509416)	(15.0, 359.31973304473166)	(16.0, 461.93884472463964)	(17.0, 608.5732343572374)	(18.0, 797.4637763616829)	(19.0, 1023.4583559743179)	(20.0, 1289.0544707022648)	(21.0, 1593.757970450399)	(22.0, 1976.353743097678)	(23.0, 2413.236616335002)	(24.0, 2834.0123380568552)	(25.0, 3315.620274261766)	(26.0, 3881.650252124011)	(27.0, 4523.137205170803)	(28.0, 5220.704402482949)	(29.0, 6041.0510018790155)	(30.0, 6755.182208153858)	(31.0, 7545.274303899107)	(32.0, 8369.236423261871)	(33.0, 9212.050762784464)	(34.0, 9843.611995295609)	(35.0, 10389.756509477738)	(36.0, 10747.931445504379)	(37.0, 11065.392420443184)	(38.0, 11060.59794909091)	(39.0, 10928.017138818266)	(40.0, 10575.387356327525)	(41.0, 10174.363913162926)	(42.0, 9946.912674180749)	(43.0, 9096.409436156095)	(44.0, 8467.209664299797)	(45.0, 8074.727466370583)	(46.0, 7759.536347085999)	(47.0, 7577.833109048894)	(48.0, 7302.488400713603)	(49.0, 6984.143675790766)	(50.0, 6496.140199125544)	(51.0, 5883.420210544714)	(52.0, 5460.332547617493)	(53.0, 5134.327712412613)	(54.0, 4750.9866723626865)	(55.0, 4442.358517574979)	(56.0, 4169.596194524935)	(57.0, 3833.5367537646766)	(58.0, 3524.5828576728327)	(59.0, 3187.8523390484247)	(60.0, 2845.0120400357014)	(61.0, 2561.189986277738)	(62.0, 2290.877960906739)	(63.0, 2015.305916016851)	(64.0, 1831.0347434428334)	(65.0, 1619.4046903992821)	(66.0, 1392.8579951736187)	(67.0, 1189.4948197057993)	(68.0, 990.7151253607652)	(69.0, 855.2692114247197)	(70.0, 725.7738106894886)	(71.0, 567.4774773183902)	(72.0, 464.32083995403787)	(73.0, 412.0081553236138)	(74.0, 316.3371690848077)	(75.0, 258.3905284088702)	(76.0, 203.72695017400915)	(77.0, 167.6033312676064)	(78.0, 122.92441280520013)	(79.0, 82.18499278499283)	(80.0, 75.48897154074183)	(81.0, 63.38109668109676)	(82.0, 39.994552669552675)	(83.0, 35.09891774891774)	(84.0, 32.60797258297257)	(85.0, 20.983333333333334)	(86.0, 12.666666666666666)	(87.0, 11.066666666666668)	(88.0, 10.547619047619047)	(89.0, 10.494444444444444)	(90.0, 7.317099567099567)	(91.0, 3.489718614718615)	(92.0, 4.285353535353535)	(93.0, 4.292929292929292)	(94.0, 2.015151515151515)	(95.0, 1.5277777777777777)	(96.0, 1.6944444444444444)	(97.0, 2.444444444444444)	(98.0, 1.5)	(99.0, 1.824242424242424)	(100.0, 4.783333333333333)
minknow_barcode19	(0.0, 0.0)	(1.0, 0.0)	(2.0, 0.0)	(3.0, 0.0)	(4.0, 0.0)	(5.0, 0.0)	(6.0, 0.0)	(7.0, 0.0)	(8.0, 0.0)	(9.0, 0.0)	(10.0, 0.0)	(11.0, 0.0)	(12.0, 0.0)	(13.0, 0.0)	(14.0, 0.0)	(15.0, 0.0)	(16.0, 0.0)	(17.0, 0.0)	(18.0, 0.0)	(19.0, 0.0)	(20.0, 0.3333333333333333)	(21.0, 0.8333333333333333)	(22.0, 0.7)	(23.0, 0.2)	(24.0, 0.0)	(25.0, 0.16666666666666666)	(26.0, 0.2)	(27.0, 0.0)	(28.0, 0.5476190476190477)	(29.0, 0.7142857142857143)	(30.0, 0.1)	(31.0, 0.625)	(32.0, 0.8333333333333333)	(33.0, 0.3577235772357723)	(34.0, 0.6152993348115299)	(35.0, 0.8111111111111111)	(36.0, 0.38095238095238093)	(37.0, 1.0166666666666666)	(38.0, 0.8809523809523809)	(39.0, 0.6011904761904762)	(40.0, 0.09090909090909091)	(41.0, 0.9575757575757575)	(42.0, 1.5909090909090908)	(43.0, 2.0)	(44.0, 2.5)	(45.0, 3.6666666666666665)	(46.0, 11.642857142857142)	(47.0, 21.5)	(48.0, 19.604993597951346)	(49.0, 8.532258064516128)	(50.0, 1.325)	(51.0, 0.6242424242424243)	(52.0, 0.47619047619047616)	(53.0, 0.03225806451612903)	(54.0, 0.5909090909090909)	(55.0, 0.7245829675153643)	(56.0, 0.4581359816653935)	(57.0, 0.39285714285714285)	(58.0, 0.2696078431372549)	(59.0, 0.09712027103331451)	(60.0, 0.0)	(61.0, 0.0)	(62.0, 0.0)	(63.0, 0.0196078431372549)	(64.0, 0.0)	(65.0, 0.0196078431372549)	(66.0, 0.0)	(67.0, 0.5)	(68.0, 0.5)	(69.0, 0.0)	(70.0, 0.0)	(71.0, 0.0)	(72.0, 0.0)	(73.0, 0.0)	(74.0, 0.0)	(75.0, 0.0)	(76.0, 0.0)	(77.0, 0.0)	(78.0, 0.0)	(79.0, 0.0)	(80.0, 0.0)	(81.0, 0.0)	(82.0, 0.0)	(83.0, 0.0)	(84.0, 0.0)	(85.0, 0.0)	(86.0, 0.0)	(87.0, 0.0)	(88.0, 0.0)	(89.0, 0.0)	(90.0, 0.0)	(91.0, 0.0)	(92.0, 0.0)	(93.0, 0.0)	(94.0, 0.0)	(95.0, 0.0)	(96.0, 0.0)	(97.0, 0.0)	(98.0, 0.0)	(99.0, 0.0)	(100.0, 0.0)
minknow_barcode20	(0.0, 0.0)	(1.0, 0.0)	(2.0, 0.0)	(3.0, 0.0)	(4.0, 0.0)	(5.0, 0.0)	(6.0, 0.0)	(7.0, 0.0)	(8.0, 0.0)	(9.0, 0.0)	(10.0, 0.0)	(11.0, 0.0)	(12.0, 0.0)	(13.0, 0.0)	(14.0, 0.0)	(15.0, 0.0)	(16.0, 0.0)	(17.0, 0.0)	(18.0, 0.0)	(19.0, 0.0)	(20.0, 0.0)	(21.0, 0.0)	(22.0, 0.0)	(23.0, 0.0)	(24.0, 0.5)	(25.0, 1.3333333333333333)	(26.0, 1.1666666666666665)	(27.0, 3.1166666666666663)	(28.0, 5.902020202020202)	(29.0, 5.840909090909091)	(30.0, 8.977386333739924)	(31.0, 15.40106168341463)	(32.0, 17.144166227376562)	(33.0, 21.223051948051946)	(34.0, 32.814724142216676)	(35.0, 40.54859307359309)	(36.0, 58.58209159207231)	(37.0, 93.86350963686658)	(38.0, 119.74668020413957)	(39.0, 151.0424456468755)	(40.0, 188.6554755629568)	(41.0, 240.80914255012246)	(42.0, 309.40658132668904)	(43.0, 378.8529695934855)	(44.0, 469.6368257311926)	(45.0, 603.7686047893648)	(46.0, 776.7045440855127)	(47.0, 1026.2176489771775)	(48.0, 1309.244633186232)	(49.0, 1675.5221410996098)	(50.0, 2090.0658653262512)	(51.0, 2639.588417994863)	(52.0, 3298.7707868946936)	(53.0, 4123.254881016582)	(54.0, 5197.428961174735)	(55.0, 6511.038939857959)	(56.0, 8121.818155397039)	(57.0, 9802.41263297932)	(58.0, 10767.259533471226)	(59.0, 10697.388086270346)	(60.0, 9539.43356929941)	(61.0, 7893.068756718709)	(62.0, 5998.335762395377)	(63.0, 4175.015250163516)	(64.0, 2789.1089942589)	(65.0, 1810.9509495083134)	(66.0, 1141.8538061417462)	(67.0, 700.4350543888057)	(68.0, 413.77539874545363)	(69.0, 250.9894205277664)	(70.0, 145.7975197436363)	(71.0, 87.35246834542608)	(72.0, 51.496612466124674)	(73.0, 25.817171717171714)	(74.0, 15.1754329004329)	(75.0, 8.083333333333332)	(76.0, 4.924242424242424)	(77.0, 3.333333333333333)	(78.0, 2.5)	(79.0, 1.0)	(80.0, 0.5)	(81.0, 0.0)	(82.0, 0.0)	(83.0, 0.0)	(84.0, 0.0)	(85.0, 0.0)	(86.0, 0.0)	(87.0, 0.0)	(88.0, 0.0)	(89.0, 0.0)	(90.0, 0.0)	(91.0, 0.0)	(92.0, 0.0)	(93.0, 0.0)	(94.0, 0.0)	(95.0, 0.0)	(96.0, 0.0)	(97.0, 0.0)	(98.0, 0.0)	(99.0, 0.0)	(100.0, 0.0)
minknow_unclassified	(0.0, 1.0)	(1.0, 0.532258064516129)	(2.0, 0.0)	(3.0, 0.19047619047619047)	(4.0, 0.5837662337662338)	(5.0, 0.4655483405483406)	(6.0, 1.013131313131313)	(7.0, 1.2981240981240982)	(8.0, 1.523088023088023)	(9.0, 2.0155844155844154)	(10.0, 3.1772005772005767)	(11.0, 3.432323232323232)	(12.0, 3.790118959631154)	(13.0, 9.5693262251137)	(14.0, 12.695209510025311)	(15.0, 18.895325075282006)	(16.0, 32.02360728612709)	(17.0, 48.119844594465185)	(18.0, 84.3750341234115)	(19.0, 135.32599159637115)	(20.0, 216.86906501508457)	(21.0, 329.4524236205182)	(22.0, 478.05466305025544)	(23.0, 691.9282523386212)	(24.0, 964.0568388480809)	(25.0, 1317.9416651690767)	(26.0, 1756.403041720505)	(27.0, 2283.2760144223284)	(28.0, 2887.4515547659526)	(29.0, 3639.2503721344387)	(30.0, 4505.718601656994)	(31.0, 5480.534703509427)	(32.0, 6626.855240341521)	(33.0, 7880.967716318924)	(34.0, 9172.564499618187)	(35.0, 10334.429644567632)	(36.0, 11442.75796198364)	(37.0, 12146.875005775404)	(38.0, 12587.95443862745)	(39.0, 12791.030039671032)	(40.0, 12479.895736586654)	(41.0, 12028.588619486536)	(42.0, 11524.888902371986)	(43.0, 10909.010718261992)	(44.0, 10477.133803155823)	(45.0, 10224.075020750328)	(46.0, 10473.973330753422)	(47.0, 10879.012032098268)	(48.0, 11304.944258766987)	(49.0, 11718.017604999917)	(50.0, 12215.689041945026)	(51.0, 12812.513935837786)	(52.0, 13453.259278161859)	(53.0, 14087.007993176696)	(54.0, 14500.105259213107)	(55.0, 14692.730423737352)	(56.0, 14714.687455772138)	(57.0, 14127.697493841846)	(58.0, 12759.440614219453)	(59.0, 10452.5010194141)	(60.0, 7832.78387637971)	(61.0, 5491.576193765952)	(62.0, 3759.7509769464837)	(63.0, 2594.1120254910575)	(64.0, 1796.6350636664654)	(65.0, 1289.2443616102441)	(66.0, 902.2373340548991)	(67.0, 596.6207574362173)	(68.0, 406.3151894721318)	(69.0, 270.01931035660584)	(70.0, 177.38465127845427)	(71.0, 119.61260956952414)	(72.0, 80.28155244756952)	(73.0, 48.511349755944536)	(74.0, 32.2165429607019)	(75.0, 20.79712500645299)	(76.0, 13.411443016704782)	(77.0, 7.247452636968765)	(78.0, 7.192135642135642)	(79.0, 6.192424242424242)	(80.0, 3.130090099602295)	(81.0, 3.381132756132756)	(82.0, 1.3357864357864357)	(83.0, 1.7004329004329004)	(84.0, 1.667099567099567)	(85.0, 0.8587662337662338)	(86.0, 1.3928571428571428)	(87.0, 2.416666666666667)	(88.0, 1.65)	(89.0, 0.45)	(90.0, 1.8499999999999999)	(91.0, 0.75)	(92.0, 0.0)	(93.0, 0.5)	(94.0, 0.7337662337662338)	(95.0, 0.24285714285714285)	(96.0, 0.0)	(97.0, 0.0)	(98.0, 0.0)	(99.0, 0.0)	(100.0, 0.0)
