Sample	0	1	2	3	4	5	6	7	8	9	10	11	12	13	14	15	16	17	18	19	20	21	22	23	24	25	26	27	28	29	30	31	32	33	34	35	36	37	38	39	40	41	42	43	44	45	46	47	48	49	50	51	52	53	54	55	56	57	58	59	60	61	62	63	64	65	66	67	68	69	70	71	72	73	74	75	76	77	78	79	80	81	82	83	84	85	86	87	88	89	90	91	92	93	94	95	96	97	98	99	100
dorado_barcode01	(0.0, 0.09141355507955433)	(1.0, 0.09141355507955433)	(2.0, 0.09141355507955433)	(3.0, 0.045706777539777164)	(4.0, 0.0)	(5.0, 0.0)	(6.0, 0.045706777539777164)	(7.0, 0.09141355507955433)	(8.0, 0.1371203326193315)	(9.0, 0.18282711015910866)	(10.0, 0.18282711015910866)	(11.0, 0.18282711015910866)	(12.0, 0.18282711015910866)	(13.0, 0.18282711015910866)	(14.0, 0.19113743334815905)	(15.0, 0.18282711015910866)	(16.0, 0.1371203326193315)	(17.0, 0.2353899043298524)	(18.0, 0.39699601063120743)	(19.0, 0.3892001360205268)	(20.0, 0.274240665238663)	(21.0, 0.41440811636064623)	(22.0, 0.4707798086597049)	(23.0, 0.32821819299992366)	(24.0, 0.46694321952355045)	(25.0, 0.5246689355176103)	(26.0, 0.6296335725152035)	(27.0, 0.7135434759461907)	(28.0, 0.9886554793040583)	(29.0, 1.1650194472854525)	(30.0, 1.5761225253035895)	(31.0, 2.232927495810548)	(32.0, 2.264415551965072)	(33.0, 2.5734669362286096)	(34.0, 2.5027497466425874)	(35.0, 2.5795979260079887)	(36.0, 2.9635905849336797)	(37.0, 2.7570113202313022)	(38.0, 2.9212170635711177)	(39.0, 2.789876209620832)	(40.0, 3.2536230843456533)	(41.0, 3.489101900325779)	(42.0, 3.003817012955554)	(43.0, 2.700637185333628)	(44.0, 2.52993216702755)	(45.0, 2.901943194078229)	(46.0, 2.659943625990301)	(47.0, 2.6978617499401416)	(48.0, 2.930771772272144)	(49.0, 2.65121351921037)	(50.0, 2.305684093092024)	(51.0, 2.3669729019667543)	(52.0, 2.4529594412559454)	(53.0, 2.6548074231504657)	(54.0, 2.942250061894978)	(55.0, 2.8002592258791625)	(56.0, 2.236824035295216)	(57.0, 2.20729937430721)	(58.0, 2.596491042548909)	(59.0, 2.319010809396422)	(60.0, 2.101423399840041)	(61.0, 1.7819478528057022)	(62.0, 1.6314463305590214)	(63.0, 1.0440624991017888)	(64.0, 0.7626591710881997)	(65.0, 0.765591800842847)	(66.0, 0.6991306810711944)	(67.0, 0.6162819537137837)	(68.0, 0.27805870626617235)	(69.0, 0.27833774392917865)	(70.0, 0.20022006767843456)	(71.0, 0.24127638325542972)	(72.0, 0.3130356861748641)	(73.0, 0.2315810062015376)	(74.0, 0.11404929252782493)	(75.0, 0.09141355507955433)	(76.0, 0.10157061675506038)	(77.0, 0.09141355507955433)	(78.0, 0.09141355507955433)	(79.0, 0.09141355507955433)	(80.0, 0.09141355507955433)	(81.0, 0.09141355507955433)	(82.0, 0.09141355507955433)	(83.0, 0.09141355507955433)	(84.0, 0.09141355507955433)	(85.0, 0.09141355507955433)	(86.0, 0.045706777539777164)	(87.0, 0.0)	(88.0, 0.0)	(89.0, 0.0)	(90.0, 0.0)	(91.0, 0.0)	(92.0, 0.0)	(93.0, 0.0)	(94.0, 0.0)	(95.0, 0.0)	(96.0, 0.0)	(97.0, 0.0)	(98.0, 0.0)	(99.0, 0.0)	(100.0, 0.0)
dorado_barcode02	(0.0, 0.008962013429658525)	(1.0, 0.00821517897718698)	(2.0, 0.004481006714829263)	(3.0, 0.004481006714829263)	(4.0, 0.004481006714829263)	(5.0, 0.006721510072243893)	(6.0, 0.011650617458556082)	(7.0, 0.01755060963308128)	(8.0, 0.02147149050855688)	(9.0, 0.02729340453577823)	(10.0, 0.029126543646390203)	(11.0, 0.03291603697930137)	(12.0, 0.03969425114886255)	(13.0, 0.05183936354034298)	(14.0, 0.05956570542136676)	(15.0, 0.06329664463414666)	(16.0, 0.06682488740937215)	(17.0, 0.098568568918017)	(18.0, 0.11792670049829088)	(19.0, 0.1091366356482202)	(20.0, 0.12678807164395056)	(21.0, 0.16478372471046093)	(22.0, 0.19869300616425478)	(23.0, 0.2210543941023937)	(24.0, 0.25539945606084846)	(25.0, 0.34148100617102545)	(26.0, 0.41375089085145483)	(27.0, 0.49273599201630447)	(28.0, 0.6369433153416423)	(29.0, 0.7850147430768591)	(30.0, 0.9587795097110496)	(31.0, 1.0939369392304716)	(32.0, 1.3240405534725692)	(33.0, 1.4918976835690057)	(34.0, 1.774099817633222)	(35.0, 2.0113496790785703)	(36.0, 2.30257772257808)	(37.0, 2.431239282551703)	(38.0, 2.5568882767350476)	(39.0, 2.696463189277345)	(40.0, 2.654489960079419)	(41.0, 2.629266161788236)	(42.0, 2.608526589668586)	(43.0, 2.4708663549875007)	(44.0, 2.49848658430848)	(45.0, 2.5792201970497257)	(46.0, 2.708661078757719)	(47.0, 2.6921415027520643)	(48.0, 2.757361755085366)	(49.0, 2.935199107099439)	(50.0, 3.009085268630725)	(51.0, 3.179340489791567)	(52.0, 3.45005286748419)	(53.0, 3.4851846676608513)	(54.0, 3.4671101913657116)	(55.0, 3.370737129769169)	(56.0, 3.2244488291495945)	(57.0, 3.0034361123074147)	(58.0, 2.767736048344437)	(59.0, 2.6251059310533384)	(60.0, 2.5394692579855103)	(61.0, 2.3775288999406943)	(62.0, 2.1663508025685276)	(63.0, 2.0259936793968576)	(64.0, 1.8420666776511239)	(65.0, 1.6318187598802996)	(66.0, 1.432554955706137)	(67.0, 1.1181970572875535)	(68.0, 0.9338297570167671)	(69.0, 0.7483261302998983)	(70.0, 0.5477670554787276)	(71.0, 0.38834844988431944)	(72.0, 0.25522524838451094)	(73.0, 0.19293645456494546)	(74.0, 0.15337909061506155)	(75.0, 0.11074413918587835)	(76.0, 0.07818338306760056)	(77.0, 0.07095105116206443)	(78.0, 0.041363959603316784)	(79.0, 0.023708599163914823)	(80.0, 0.01792402685931705)	(81.0, 0.014563271823195102)	(82.0, 0.016090887748705075)	(83.0, 0.01792402685931705)	(84.0, 0.015683523501902417)	(85.0, 0.011202516787073156)	(86.0, 0.008962013429658525)	(87.0, 0.008962013429658525)	(88.0, 0.006721510072243893)	(89.0, 0.004481006714829263)	(90.0, 0.004481006714829263)	(91.0, 0.004481006714829263)	(92.0, 0.004481006714829263)	(93.0, 0.004481006714829263)	(94.0, 0.0022405033574146313)	(95.0, 0.0)	(96.0, 0.0)	(97.0, 0.0)	(98.0, 0.0)	(99.0, 0.0)	(100.0, 0.0)
dorado_barcode03	(0.0, 0.0)	(1.0, 0.0)	(2.0, 0.0)	(3.0, 0.0)	(4.0, 0.0)	(5.0, 0.0)	(6.0, 0.0)	(7.0, 0.0)	(8.0, 0.0)	(9.0, 0.0)	(10.0, 0.0)	(11.0, 0.0)	(12.0, 0.0)	(13.0, 0.0)	(14.0, 0.0)	(15.0, 0.09680570802747528)	(16.0, 0.09680570802747528)	(17.0, 0.2420142700686882)	(18.0, 0.40335711678114694)	(19.0, 0.22184641422963083)	(20.0, 0.0)	(21.0, 0.1613428467124588)	(22.0, 0.1210071350343441)	(23.0, 0.28601686462663156)	(24.0, 0.5922015850923203)	(25.0, 0.8162049892512621)	(26.0, 0.24521975708946556)	(27.0, 0.67418260947706)	(28.0, 1.645906572631641)	(29.0, 2.371219385877298)	(30.0, 2.0965490172155308)	(31.0, 2.089983550725933)	(32.0, 2.6617902824675874)	(33.0, 3.0428359956852375)	(34.0, 3.629980337616004)	(35.0, 4.925179894451002)	(36.0, 4.531464017504009)	(37.0, 2.7174037711556522)	(38.0, 3.8003591202004237)	(39.0, 4.6995900652360145)	(40.0, 5.624404651857497)	(41.0, 4.288603797668794)	(42.0, 2.8531933516901478)	(43.0, 1.6980579973061207)	(44.0, 1.388699973442643)	(45.0, 1.2664314672422434)	(46.0, 2.106203509391313)	(47.0, 2.3700512224996197)	(48.0, 2.1927849956097982)	(49.0, 3.0459873658943195)	(50.0, 1.9764646282955471)	(51.0, 3.2750247747192915)	(52.0, 2.9535121700895886)	(53.0, 2.164285195102571)	(54.0, 1.3516972022971776)	(55.0, 1.0170139781110024)	(56.0, 1.6033692644673074)	(57.0, 1.7841952380164596)	(58.0, 1.3594844300814157)	(59.0, 1.8024462735896565)	(60.0, 2.25104757541265)	(61.0, 2.5536214412264813)	(62.0, 2.0472877983057183)	(63.0, 0.9950923286648145)	(64.0, 0.46969615382750873)	(65.0, 0.7982804029386882)	(66.0, 0.83054897228118)	(67.0, 0.6292371021785893)	(68.0, 0.09680570802747528)	(69.0, 0.2420142700686882)	(70.0, 0.2420142700686882)	(71.0, 0.0)	(72.0, 0.06914693430533948)	(73.0, 0.0)	(74.0, 0.0)	(75.0, 0.0)	(76.0, 0.0)	(77.0, 0.2420142700686882)	(78.0, 0.2420142700686882)	(79.0, 0.0)	(80.0, 0.0)	(81.0, 0.0)	(82.0, 0.0)	(83.0, 0.0)	(84.0, 0.0)	(85.0, 0.0)	(86.0, 0.0)	(87.0, 0.0)	(88.0, 0.0)	(89.0, 0.0)	(90.0, 0.0)	(91.0, 0.0)	(92.0, 0.0)	(93.0, 0.0)	(94.0, 0.0)	(95.0, 0.0)	(96.0, 0.0)	(97.0, 0.0)	(98.0, 0.0)	(99.0, 0.0)	(100.0, 0.0)
dorado_barcode04	(0.0, 0.0)	(1.0, 0.0)	(2.0, 0.0)	(3.0, 0.0)	(4.0, 0.0)	(5.0, 0.0)	(6.0, 0.0)	(7.0, 0.0)	(8.0, 0.0)	(9.0, 0.0)	(10.0, 0.0)	(11.0, 0.0)	(12.0, 0.0)	(13.0, 0.03230312963563485)	(14.0, 0.03230312963563485)	(15.0, 0.0)	(16.0, 0.13361749076558052)	(17.0, 0.22612190744944394)	(18.0, 0.27134628893933277)	(19.0, 0.22612190744944394)	(20.0, 0.2638088920243513)	(21.0, 0.2449653997368976)	(22.0, 0.42020987801021664)	(23.0, 0.35956809373968396)	(24.0, 0.26757759048184204)	(25.0, 0.45035946567014246)	(26.0, 0.7245934586223577)	(27.0, 1.2849722596479933)	(28.0, 2.1816522243767675)	(29.0, 2.5846435027803714)	(30.0, 2.686639243055929)	(31.0, 3.355968193834149)	(32.0, 2.923334675519885)	(33.0, 2.4216432417593436)	(34.0, 2.810258617379685)	(35.0, 3.0078653183908255)	(36.0, 2.8569557094975844)	(37.0, 2.686518461559491)	(38.0, 2.0860170223523005)	(39.0, 3.1048836418790136)	(40.0, 3.5171998675417244)	(41.0, 2.289358990835235)	(42.0, 2.456260422395661)	(43.0, 2.6483233793095344)	(44.0, 2.268992333691969)	(45.0, 2.7798008007201784)	(46.0, 2.521082103345869)	(47.0, 2.7743180545074417)	(48.0, 3.1688539137895058)	(49.0, 3.1714551171969014)	(50.0, 3.381731387543067)	(51.0, 2.8179482020823983)	(52.0, 2.2218473979938396)	(53.0, 2.1099406185824168)	(54.0, 2.3847913811781174)	(55.0, 2.2892325951042785)	(56.0, 1.8478371921569499)	(57.0, 1.5969070833486667)	(58.0, 1.8361304762705377)	(59.0, 2.1560985678829416)	(60.0, 1.7480066073508806)	(61.0, 1.203042008282252)	(62.0, 1.3361524377471834)	(63.0, 1.3196594195055824)	(64.0, 1.42200002864448)	(65.0, 0.8643044942964785)	(66.0, 0.6057668459070528)	(67.0, 0.3816842646136348)	(68.0, 0.3463158671965403)	(69.0, 0.5037493604845946)	(70.0, 0.4396814867072521)	(71.0, 0.395713338036527)	(72.0, 0.5410774213968838)	(73.0, 0.52223392910943)	(74.0, 0.33918286117416596)	(75.0, 0.11676787024028665)	(76.0, 0.0)	(77.0, 0.0)	(78.0, 0.0)	(79.0, 0.0)	(80.0, 0.03230312963563485)	(81.0, 0.0)	(82.0, 0.0)	(83.0, 0.0)	(84.0, 0.0)	(85.0, 0.0)	(86.0, 0.0)	(87.0, 0.0)	(88.0, 0.0)	(89.0, 0.0)	(90.0, 0.0)	(91.0, 0.0)	(92.0, 0.0)	(93.0, 0.0)	(94.0, 0.0)	(95.0, 0.0)	(96.0, 0.0)	(97.0, 0.0)	(98.0, 0.0)	(99.0, 0.0)	(100.0, 0.0)
dorado_barcode05	(0.0, 0.005695784868244853)	(1.0, 0.005822357865316961)	(2.0, 0.005126206381420368)	(3.0, 0.005087371484591426)	(4.0, 0.006320595208337169)	(5.0, 0.009440555405724242)	(6.0, 0.012625656457942757)	(7.0, 0.01509382990084886)	(8.0, 0.01937516152681291)	(9.0, 0.023999596384125993)	(10.0, 0.026761147952388514)	(11.0, 0.03458705773304753)	(12.0, 0.039089481152598575)	(13.0, 0.038617186664044865)	(14.0, 0.042662168375474506)	(15.0, 0.050428496198350936)	(16.0, 0.05545120183256012)	(17.0, 0.058155376646955095)	(18.0, 0.06049515162257845)	(19.0, 0.08332459746771712)	(20.0, 0.11326140683494747)	(21.0, 0.14113755234366504)	(22.0, 0.1711298243237927)	(23.0, 0.2118521545441949)	(24.0, 0.28249764067126026)	(25.0, 0.3452474506907738)	(26.0, 0.3925181929777193)	(27.0, 0.5154433497078768)	(28.0, 0.668653501514956)	(29.0, 0.8191398164898479)	(30.0, 1.0080289177807549)	(31.0, 1.2596284688503634)	(32.0, 1.5171299600574228)	(33.0, 1.7650884602455106)	(34.0, 2.047863887342863)	(35.0, 2.2985457689511835)	(36.0, 2.464518406359711)	(37.0, 2.587200324176013)	(38.0, 2.6632118135998533)	(39.0, 2.617960632547296)	(40.0, 2.6077983595223855)	(41.0, 2.493007707523305)	(42.0, 2.3943913690861702)	(43.0, 2.381959558761871)	(44.0, 2.4134595394458236)	(45.0, 2.4448802862439063)	(46.0, 2.6103055575049647)	(47.0, 2.8103145956052877)	(48.0, 3.1114196675730574)	(49.0, 3.426593879533342)	(50.0, 3.6980350557162276)	(51.0, 3.972042981045148)	(52.0, 4.150548563037019)	(53.0, 4.117846041205215)	(54.0, 3.930193775023595)	(55.0, 3.588649043067603)	(56.0, 3.187548433904529)	(57.0, 2.809815251942321)	(58.0, 2.542783682673655)	(59.0, 2.392672667687574)	(60.0, 2.3232593326635342)	(61.0, 2.279034566494597)	(62.0, 2.049541247766506)	(63.0, 1.7036571355197538)	(64.0, 1.3536266515134172)	(65.0, 1.0714360534409422)	(66.0, 0.8557497099497013)	(67.0, 0.6933522537962935)	(68.0, 0.5457090961112229)	(69.0, 0.4048153804031302)	(70.0, 0.28418660913502547)	(71.0, 0.20299808280317563)	(72.0, 0.14515338043945145)	(73.0, 0.10037345155493199)	(74.0, 0.07310579049830081)	(75.0, 0.05739905794970531)	(76.0, 0.043353902958867645)	(77.0, 0.03804628130497667)	(78.0, 0.02955192216659369)	(79.0, 0.024439601929467245)	(80.0, 0.018558157222659938)	(81.0, 0.012806598310575385)	(82.0, 0.010640391874969882)	(83.0, 0.010930071438723547)	(84.0, 0.011267298066637092)	(85.0, 0.010765033400982773)	(86.0, 0.010062553267232575)	(87.0, 0.00854367730236728)	(88.0, 0.008828466545779522)	(89.0, 0.00854367730236728)	(90.0, 0.006645082346285662)	(91.0, 0.004936346885812206)	(92.0, 0.004556627894595882)	(93.0, 0.0043667683989877205)	(94.0, 0.00322761142533875)	(95.0, 0.0026580329385142644)	(96.0, 0.002278313947297941)	(97.0, 0.002278313947297941)	(98.0, 0.002278313947297941)	(99.0, 0.002278313947297941)	(100.0, 0.002278313947297941)
dorado_barcode06	(0.0, 0.0)	(1.0, 0.0)	(2.0, 0.0)	(3.0, 0.0)	(4.0, 0.0)	(5.0, 0.0)	(6.0, 0.0)	(7.0, 0.0)	(8.0, 0.0)	(9.0, 0.2024299831615303)	(10.0, 0.2024299831615303)	(11.0, 0.0)	(12.0, 0.0)	(13.0, 0.0)	(14.0, 0.0)	(15.0, 0.2024299831615303)	(16.0, 0.4048599663230606)	(17.0, 0.25303747895191286)	(18.0, 0.0)	(19.0, 0.2024299831615303)	(20.0, 0.4048599663230606)	(21.0, 0.5091420788608186)	(22.0, 0.6747666105384342)	(23.0, 0.6072899494845909)	(24.0, 1.0895012101864474)	(25.0, 0.8289989786615048)	(26.0, 1.0723969346057258)	(27.0, 2.1266540395515223)	(28.0, 1.4191364639240116)	(29.0, 1.737524022136468)	(30.0, 1.6300362463364046)	(31.0, 1.7978148569482142)	(32.0, 3.0513500189107963)	(33.0, 3.6371934882348187)	(34.0, 3.8191500104617706)	(35.0, 3.024584605827148)	(36.0, 3.248205640676121)	(37.0, 1.585190364448705)	(38.0, 1.915853165412384)	(39.0, 2.3617695494908624)	(40.0, 2.7070067630184345)	(41.0, 2.1033280617464163)	(42.0, 2.1235153168160914)	(43.0, 2.488954051261834)	(44.0, 2.221772455212151)	(45.0, 2.9799796330892567)	(46.0, 3.367067352716941)	(47.0, 2.6970132776797415)	(48.0, 1.8890733723312778)	(49.0, 2.4755101383575853)	(50.0, 2.334856950043725)	(51.0, 1.782109951578311)	(52.0, 2.0021526911842225)	(53.0, 2.529466980169668)	(54.0, 1.4017885975712656)	(55.0, 2.04528462471793)	(56.0, 2.123441194161986)	(57.0, 2.2439725688056225)	(58.0, 1.6907905386294126)	(59.0, 2.294516010687816)	(60.0, 2.0301761538858005)	(61.0, 2.3727648787731175)	(62.0, 2.515217275628441)	(63.0, 1.4527684878195477)	(64.0, 1.3221336071943988)	(65.0, 0.8347445301316321)	(66.0, 0.6902364902040043)	(67.0, 1.3607793312525092)	(68.0, 0.576618739914662)	(69.0, 0.7563159442184803)	(70.0, 0.6072899494845909)	(71.0, 0.5533086206415161)	(72.0, 0.4048599663230606)	(73.0, 0.08097199326461212)	(74.0, 0.2834019764261424)	(75.0, 0.4453459629553667)	(76.0, 0.2024299831615303)	(77.0, 0.0)	(78.0, 0.0)	(79.0, 0.0)	(80.0, 0.0)	(81.0, 0.0)	(82.0, 0.0)	(83.0, 0.0)	(84.0, 0.0)	(85.0, 0.0)	(86.0, 0.0)	(87.0, 0.0)	(88.0, 0.0)	(89.0, 0.0)	(90.0, 0.0)	(91.0, 0.0)	(92.0, 0.0)	(93.0, 0.0)	(94.0, 0.0)	(95.0, 0.0)	(96.0, 0.0)	(97.0, 0.0)	(98.0, 0.0)	(99.0, 0.0)	(100.0, 0.0)
dorado_barcode07	(0.0, 0.0)	(1.0, 0.0)	(2.0, 0.0)	(3.0, 0.0)	(4.0, 0.0)	(5.0, 0.0)	(6.0, 0.0)	(7.0, 0.0)	(8.0, 0.0)	(9.0, 0.0)	(10.0, 0.0)	(11.0, 0.0)	(12.0, 0.0)	(13.0, 0.0)	(14.0, 0.11366302691218214)	(15.0, 0.22732605382436427)	(16.0, 0.11366302691218214)	(17.0, 0.0)	(18.0, 0.0)	(19.0, 0.08524727018413661)	(20.0, 0.34098908073654643)	(21.0, 0.5424826284445057)	(22.0, 0.5114836211048196)	(23.0, 0.712977168812779)	(24.0, 0.5424826284445057)	(25.0, 0.47753232735183015)	(26.0, 0.5519545473538543)	(27.0, 0.9011854276608727)	(28.0, 1.690410154849492)	(29.0, 1.1967092976325466)	(30.0, 1.1477382467518757)	(31.0, 1.149767943661022)	(32.0, 2.675423453702514)	(33.0, 3.058927239958904)	(34.0, 2.7569212407792176)	(35.0, 2.82534917526132)	(36.0, 2.4362355269379075)	(37.0, 2.5222071012075493)	(38.0, 2.5201460555021096)	(39.0, 2.280409912478655)	(40.0, 2.0257435488826756)	(41.0, 2.361398588874139)	(42.0, 3.4943900856290253)	(43.0, 3.8450790191524185)	(44.0, 4.048796701987604)	(45.0, 3.5851732455604983)	(46.0, 2.715387823218289)	(47.0, 3.1854193540069033)	(48.0, 3.341710535543152)	(49.0, 3.0084582679766143)	(50.0, 3.118733181109811)	(51.0, 2.174253366488866)	(52.0, 2.6493264898012456)	(53.0, 3.3305927221624883)	(54.0, 3.4152577253664345)	(55.0, 2.7838298721614714)	(56.0, 3.3625101638997825)	(57.0, 4.1490489740664485)	(58.0, 3.4776824411150153)	(59.0, 1.874324084397803)	(60.0, 1.6279791208299945)	(61.0, 0.8707468558241345)	(62.0, 1.182807080756134)	(63.0, 1.0451253223761414)	(64.0, 0.6384712213331734)	(65.0, 0.5785005226868076)	(66.0, 0.29729524181965566)	(67.0, 0.08512425825024897)	(68.0, 0.030999007339686042)	(69.0, 0.042623635092068304)	(70.0, 0.08524727018413661)	(71.0, 0.08524727018413661)	(72.0, 0.10148484545730548)	(73.0, 0.0)	(74.0, 0.0)	(75.0, 0.0)	(76.0, 0.0)	(77.0, 0.0)	(78.0, 0.0)	(79.0, 0.0)	(80.0, 0.0)	(81.0, 0.0)	(82.0, 0.0)	(83.0, 0.0)	(84.0, 0.0)	(85.0, 0.0)	(86.0, 0.0)	(87.0, 0.0)	(88.0, 0.0)	(89.0, 0.0)	(90.0, 0.0)	(91.0, 0.0)	(92.0, 0.0)	(93.0, 0.0)	(94.0, 0.0)	(95.0, 0.0)	(96.0, 0.0)	(97.0, 0.0)	(98.0, 0.0)	(99.0, 0.0)	(100.0, 0.0)
dorado_barcode08	(0.0, 0.0)	(1.0, 0.0)	(2.0, 0.0)	(3.0, 0.0)	(4.0, 0.0)	(5.0, 0.0)	(6.0, 0.0)	(7.0, 0.0)	(8.0, 0.0)	(9.0, 0.0)	(10.0, 0.0)	(11.0, 0.0)	(12.0, 0.14590623669819203)	(13.0, 0.14590623669819203)	(14.0, 0.18759373289767542)	(15.0, 0.29181247339638405)	(16.0, 0.14590623669819203)	(17.0, 0.0)	(18.0, 0.14590623669819203)	(19.0, 0.14590623669819203)	(20.0, 0.19454164893092268)	(21.0, 0.26749476728001864)	(22.0, 0.4377187100945761)	(23.0, 0.6254618605413537)	(24.0, 0.4377187100945761)	(25.0, 0.5615179412324359)	(26.0, 0.6587887656978972)	(27.0, 1.6267597948752968)	(28.0, 1.987819831403045)	(29.0, 1.6554300593623772)	(30.0, 1.6814232199385246)	(31.0, 2.3796096326982408)	(32.0, 2.7399422691475634)	(33.0, 2.2963358628522057)	(34.0, 3.974266672053945)	(35.0, 4.512045896234166)	(36.0, 3.308721538158715)	(37.0, 2.799973358511054)	(38.0, 2.7953959558766956)	(39.0, 2.9328059393856756)	(40.0, 3.190389498424167)	(41.0, 2.926672924225662)	(42.0, 2.9917537676553563)	(43.0, 2.704313994149509)	(44.0, 1.5810760749731483)	(45.0, 1.1429889147859005)	(46.0, 1.7971100634359132)	(47.0, 1.6037654233753669)	(48.0, 1.4282604347161367)	(49.0, 2.3846777713177647)	(50.0, 2.4686401135151943)	(51.0, 1.6723984094140245)	(52.0, 1.8327529542560161)	(53.0, 2.112749452758038)	(54.0, 2.2430360251184345)	(55.0, 2.4308976303324594)	(56.0, 2.461071350637854)	(57.0, 2.9130704584975415)	(58.0, 3.46148091831038)	(59.0, 3.766948157162655)	(60.0, 3.2262426748003734)	(61.0, 1.605756047416216)	(62.0, 1.2688157934170048)	(63.0, 1.2771281968220698)	(64.0, 0.8135493588043129)	(65.0, 0.8360629795619584)	(66.0, 0.7743443629786452)	(67.0, 0.7191093094410892)	(68.0, 0.7852408375029971)	(69.0, 0.6831064718142625)	(70.0, 0.4377187100945761)	(71.0, 0.4255598570363933)	(72.0, 0.4156117045342439)	(73.0, 0.24317706116365334)	(74.0, 0.0)	(75.0, 0.14590623669819203)	(76.0, 0.14590623669819203)	(77.0, 0.0)	(78.0, 0.0)	(79.0, 0.0)	(80.0, 0.0)	(81.0, 0.0)	(82.0, 0.0)	(83.0, 0.0)	(84.0, 0.0)	(85.0, 0.0)	(86.0, 0.0)	(87.0, 0.0)	(88.0, 0.0)	(89.0, 0.0)	(90.0, 0.0)	(91.0, 0.0)	(92.0, 0.0)	(93.0, 0.0)	(94.0, 0.0)	(95.0, 0.0)	(96.0, 0.0)	(97.0, 0.0)	(98.0, 0.0)	(99.0, 0.0)	(100.0, 0.0)
dorado_barcode09	(0.0, 0.0)	(1.0, 0.0)	(2.0, 0.0)	(3.0, 0.0)	(4.0, 0.0)	(5.0, 0.008682432844028297)	(6.0, 0.017364865688056595)	(7.0, 0.021706082110070742)	(8.0, 0.026047298532084893)	(9.0, 0.026836610608814735)	(10.0, 0.03551904345284303)	(11.0, 0.04124155600913441)	(12.0, 0.03472973137611319)	(13.0, 0.04854269271888548)	(14.0, 0.0672888545412193)	(15.0, 0.07163007096323344)	(16.0, 0.08734176635725031)	(17.0, 0.07299821189623185)	(18.0, 0.07322560894690877)	(19.0, 0.11091150198182208)	(20.0, 0.14969961295245457)	(21.0, 0.20618428861481694)	(22.0, 0.24184590737122796)	(23.0, 0.26863328196173875)	(24.0, 0.38108582180765266)	(25.0, 0.5600042282616783)	(26.0, 0.702052495017144)	(27.0, 0.8376089067764022)	(28.0, 1.054958167936747)	(29.0, 1.2915520725078378)	(30.0, 1.5238246769316677)	(31.0, 1.7806346566806988)	(32.0, 2.011169989457281)	(33.0, 2.2041531969152888)	(34.0, 2.4601368409049087)	(35.0, 2.6522046783378905)	(36.0, 2.685614514549131)	(37.0, 2.9575154972105033)	(38.0, 3.1667809978513546)	(39.0, 3.014642607103458)	(40.0, 2.9848398099308144)	(41.0, 2.8954055196617454)	(42.0, 2.9231760115976475)	(43.0, 2.963008264025385)	(44.0, 2.889754928274788)	(45.0, 2.7981857795075826)	(46.0, 2.939359985733502)	(47.0, 3.0024195182009294)	(48.0, 3.1349463774074096)	(49.0, 3.014110167678146)	(50.0, 3.0074569630892696)	(51.0, 3.104606822731338)	(52.0, 3.1295360351169483)	(53.0, 3.266563630376746)	(54.0, 3.2502219076296393)	(55.0, 2.973269227912279)	(56.0, 2.858963349765007)	(57.0, 2.753881739300169)	(58.0, 2.3929067810203732)	(59.0, 2.1198134967160467)	(60.0, 1.7751928194849826)	(61.0, 1.5033118933227658)	(62.0, 1.4087802656783592)	(63.0, 1.2400169525545757)	(64.0, 1.0652078481372715)	(65.0, 0.8978607608301716)	(66.0, 0.7237759015323312)	(67.0, 0.5416167180749155)	(68.0, 0.42153768815110576)	(69.0, 0.3050919232958255)	(70.0, 0.21926959582658784)	(71.0, 0.17604008454161052)	(72.0, 0.12720858993874737)	(73.0, 0.08006819292636919)	(74.0, 0.06480158184228609)	(75.0, 0.04031129534727423)	(76.0, 0.03907094779812734)	(77.0, 0.03135322971454663)	(78.0, 0.01953547389906367)	(79.0, 0.005788288562685531)	(80.0, 0.004341216422014149)	(81.0, 0.004341216422014149)	(82.0, 0.0)	(83.0, 0.004341216422014149)	(84.0, 0.004341216422014149)	(85.0, 0.0)	(86.0, 0.0)	(87.0, 0.0)	(88.0, 0.0)	(89.0, 0.0)	(90.0, 0.0)	(91.0, 0.0)	(92.0, 0.0)	(93.0, 0.0)	(94.0, 0.0)	(95.0, 0.0)	(96.0, 0.0)	(97.0, 0.0)	(98.0, 0.0)	(99.0, 0.0)	(100.0, 0.0)
dorado_barcode10	(0.0, 0.005679916405064279)	(1.0, 0.004259937303798209)	(2.0, 0.004259937303798209)	(3.0, 0.008046548240507729)	(4.0, 0.008046548240507729)	(5.0, 0.00680846475994898)	(6.0, 0.014199791012660699)	(7.0, 0.023074660395573637)	(8.0, 0.026979602924055327)	(9.0, 0.02711483902893781)	(10.0, 0.025180962729118305)	(11.0, 0.028020920931650446)	(12.0, 0.031288102283697695)	(13.0, 0.033065882173230636)	(14.0, 0.04772605083216349)	(15.0, 0.07093025670444385)	(16.0, 0.08708469485884804)	(17.0, 0.09927467311074385)	(18.0, 0.1190494761221547)	(19.0, 0.14562899954270167)	(20.0, 0.1689134808040324)	(21.0, 0.1673945487470937)	(22.0, 0.19562975901020446)	(23.0, 0.2619234112366536)	(24.0, 0.28142936228337534)	(25.0, 0.33757359726743186)	(26.0, 0.45461685095260246)	(27.0, 0.5498603135620781)	(28.0, 0.670186784594029)	(29.0, 0.7965175229318414)	(30.0, 0.9450324595652648)	(31.0, 1.1236155555358203)	(32.0, 1.305470404094008)	(33.0, 1.4994925783781774)	(34.0, 1.7112007797255735)	(35.0, 1.9407676975151327)	(36.0, 2.127469285261227)	(37.0, 2.223927667291446)	(38.0, 2.309693807568605)	(39.0, 2.457255252939413)	(40.0, 2.463449231754048)	(41.0, 2.501405800502173)	(42.0, 2.5710824655604845)	(43.0, 2.663472789484605)	(44.0, 2.6788341191466243)	(45.0, 2.7654975229828107)	(46.0, 2.897685247072431)	(47.0, 2.96162791103639)	(48.0, 3.103297737809392)	(49.0, 3.2692701130730097)	(50.0, 3.4475769854474305)	(51.0, 3.517128211033058)	(52.0, 3.493625138348196)	(53.0, 3.5627422150632255)	(54.0, 3.5730274974005867)	(55.0, 3.38553710151089)	(56.0, 3.2464553841603654)	(57.0, 3.0704180112228077)	(58.0, 2.81797367954434)	(59.0, 2.6180281223556094)	(60.0, 2.396281925950597)	(61.0, 2.2215107740236926)	(62.0, 2.0337890307183195)	(63.0, 1.842267656595534)	(64.0, 1.6267863604847406)	(65.0, 1.383679352974464)	(66.0, 1.1708641543470646)	(67.0, 1.0001122489149412)	(68.0, 0.7631378084286685)	(69.0, 0.6112275747219793)	(70.0, 0.4667460100685441)	(71.0, 0.3368417931063979)	(72.0, 0.268936735217221)	(73.0, 0.19560936523200417)	(74.0, 0.15267961583202574)	(75.0, 0.11980085009044507)	(76.0, 0.09351822536450746)	(77.0, 0.07062029396963253)	(78.0, 0.05565887780265641)	(79.0, 0.046385983974691625)	(80.0, 0.03904942528481692)	(81.0, 0.0312610550627212)	(82.0, 0.017039749215192836)	(83.0, 0.012779811911394628)	(84.0, 0.012779811911394628)	(85.0, 0.013489801462027664)	(86.0, 0.011359832810128558)	(87.0, 0.012779811911394628)	(88.0, 0.012779811911394628)	(89.0, 0.011359832810128558)	(90.0, 0.008519874607596418)	(91.0, 0.005679916405064279)	(92.0, 0.0028399582025321396)	(93.0, 0.0)	(94.0, 0.0)	(95.0, 0.0)	(96.0, 0.0)	(97.0, 0.0)	(98.0, 0.0)	(99.0, 0.0)	(100.0, 0.0)
dorado_barcode11	(0.0, 0.0021683256840261977)	(1.0, 0.0)	(2.0, 0.0)	(3.0, 0.0)	(4.0, 0.0)	(5.0, 0.0005420814210065494)	(6.0, 0.0004818501520058217)	(7.0, 0.0)	(8.0, 0.005420814210065494)	(9.0, 0.00867330273610479)	(10.0, 0.023748328920286926)	(11.0, 0.03469321094441916)	(12.0, 0.03870132811792213)	(13.0, 0.043432220519433844)	(14.0, 0.04997662167485836)	(15.0, 0.053485366872646205)	(16.0, 0.05843221373273179)	(17.0, 0.0697703375618975)	(18.0, 0.07900293065300906)	(19.0, 0.08570581044609003)	(20.0, 0.09829495817116414)	(21.0, 0.11034854986273676)	(22.0, 0.1283193210825025)	(23.0, 0.15071670814241972)	(24.0, 0.19421562226715025)	(25.0, 0.2363682623138782)	(26.0, 0.302647077123839)	(27.0, 0.35836206180730623)	(28.0, 0.45883518595907213)	(29.0, 0.5588560363845453)	(30.0, 0.6463768029363216)	(31.0, 0.7905350978804673)	(32.0, 0.9757942680772471)	(33.0, 1.1095163003877506)	(34.0, 1.29276128122566)	(35.0, 1.4500173868088)	(36.0, 1.6563112982756172)	(37.0, 1.8200419946752346)	(38.0, 1.9779584551716072)	(39.0, 1.9478958299681022)	(40.0, 1.9831539598597676)	(41.0, 2.1226754878937526)	(42.0, 2.212207044179757)	(43.0, 2.3315947254981646)	(44.0, 2.440499504488661)	(45.0, 2.50890441265858)	(46.0, 2.565683273120102)	(47.0, 2.723162914004711)	(48.0, 2.9641707226846297)	(49.0, 3.169504911989402)	(50.0, 3.3527813237075805)	(51.0, 3.58711835162001)	(52.0, 3.781047016272734)	(53.0, 3.9353824683772527)	(54.0, 3.961366903575962)	(55.0, 3.8015326073384434)	(56.0, 3.5805330723996693)	(57.0, 3.383187988438981)	(58.0, 3.2352795885925953)	(59.0, 3.1016097369570588)	(60.0, 3.1229376846792034)	(61.0, 2.98136767429823)	(62.0, 2.837244376607114)	(63.0, 2.507590998010991)	(64.0, 2.112777881657981)	(65.0, 1.784812131532252)	(66.0, 1.6242110875190392)	(67.0, 1.303067144112783)	(68.0, 0.985033429627034)	(69.0, 0.7665079755408077)	(70.0, 0.5459108250630712)	(71.0, 0.45493297656390613)	(72.0, 0.35874307767069874)	(73.0, 0.24903962660108933)	(74.0, 0.19235248853941955)	(75.0, 0.15365394338739258)	(76.0, 0.09192903031512882)	(77.0, 0.06867584935948427)	(78.0, 0.056309665831789424)	(79.0, 0.04433568955444476)	(80.0, 0.027104071050327472)	(81.0, 0.022767419682275074)	(82.0, 0.01734660547220958)	(83.0, 0.01734660547220958)	(84.0, 0.016623830244200846)	(85.0, 0.015178279788183384)	(86.0, 0.01734660547220958)	(87.0, 0.01734660547220958)	(88.0, 0.01734660547220958)	(89.0, 0.01734660547220958)	(90.0, 0.010841628420130988)	(91.0, 0.0021683256840261977)	(92.0, 0.0)	(93.0, 0.0)	(94.0, 0.0)	(95.0, 0.0)	(96.0, 0.0)	(97.0, 0.0)	(98.0, 0.0)	(99.0, 0.0)	(100.0, 0.0)
dorado_barcode12	(0.0, 0.0)	(1.0, 0.0)	(2.0, 0.0)	(3.0, 0.0)	(4.0, 0.0)	(5.0, 0.0)	(6.0, 0.0)	(7.0, 0.0)	(8.0, 0.0)	(9.0, 0.0)	(10.0, 0.09678802108869644)	(11.0, 0.14697440239394646)	(12.0, 0.05018638130525001)	(13.0, 0.0)	(14.0, 0.0)	(15.0, 0.0)	(16.0, 0.0)	(17.0, 0.0)	(18.0, 0.0)	(19.0, 0.07527957195787502)	(20.0, 0.16424633881718184)	(21.0, 0.15055914391575004)	(22.0, 0.23576193217716315)	(23.0, 0.16424633881718184)	(24.0, 0.2031581298522432)	(25.0, 0.32376733653744083)	(26.0, 0.36499186403818196)	(27.0, 0.5723039839559404)	(28.0, 0.522793414576932)	(29.0, 0.7860849328925898)	(30.0, 1.492966247894079)	(31.0, 1.9281357501441228)	(32.0, 1.721778523532482)	(33.0, 1.9747456424218788)	(34.0, 2.260158855034808)	(35.0, 2.134940182664426)	(36.0, 2.1340723504779597)	(37.0, 1.9332471102680908)	(38.0, 2.3305008435511074)	(39.0, 2.829270423970832)	(40.0, 3.1962009880922198)	(41.0, 2.9521764666083024)	(42.0, 3.332531320629893)	(43.0, 4.349172408292388)	(44.0, 9.518109348300586)	(45.0, 12.609163334077461)	(46.0, 7.768704202709588)	(47.0, 3.1173579856180864)	(48.0, 2.969889844756829)	(49.0, 2.2733052223156873)	(50.0, 1.4049776286304465)	(51.0, 1.1658870792232203)	(52.0, 1.1108796213191987)	(53.0, 1.6512798757282245)	(54.0, 1.5420416892239706)	(55.0, 1.4107722547299715)	(56.0, 1.4744791489678788)	(57.0, 1.8331516780043942)	(58.0, 1.4532751617769823)	(59.0, 1.191474389798045)	(60.0, 0.9492136750340694)	(61.0, 0.7581956591920317)	(62.0, 1.0175397438170404)	(63.0, 1.0438832223662946)	(64.0, 0.8184735806432782)	(65.0, 0.5537579773281475)	(66.0, 0.269409619643183)	(67.0, 0.288989912349398)	(68.0, 0.19321756802521253)	(69.0, 0.10151336218561934)	(70.0, 0.12660655283824435)	(71.0, 0.15055914391575004)	(72.0, 0.15055914391575004)	(73.0, 0.15055914391575004)	(74.0, 0.15055914391575004)	(75.0, 0.15055914391575004)	(76.0, 0.15055914391575004)	(77.0, 0.1720675930465715)	(78.0, 0.15055914391575004)	(79.0, 0.15055914391575004)	(80.0, 0.15055914391575004)	(81.0, 0.15055914391575004)	(82.0, 0.15055914391575004)	(83.0, 0.15055914391575004)	(84.0, 0.15055914391575004)	(85.0, 0.15055914391575004)	(86.0, 0.15055914391575004)	(87.0, 0.15055914391575004)	(88.0, 0.15055914391575004)	(89.0, 0.15055914391575004)	(90.0, 0.07527957195787502)	(91.0, 0.0)	(92.0, 0.0)	(93.0, 0.0)	(94.0, 0.0)	(95.0, 0.0)	(96.0, 0.0)	(97.0, 0.0)	(98.0, 0.0)	(99.0, 0.0)	(100.0, 0.0)
dorado_barcode13	(0.0, 0.0)	(1.0, 0.0)	(2.0, 0.0)	(3.0, 0.0)	(4.0, 0.0)	(5.0, 0.0)	(6.0, 0.0)	(7.0, 0.0)	(8.0, 0.0)	(9.0, 0.0)	(10.0, 0.0)	(11.0, 0.23649318870927385)	(12.0, 0.18393914677387968)	(13.0, 0.0)	(14.0, 0.0)	(15.0, 0.0)	(16.0, 0.0)	(17.0, 0.0)	(18.0, 0.0)	(19.0, 0.0)	(20.0, 0.34000872585474734)	(21.0, 0.3065652446231328)	(22.0, 0.0)	(23.0, 0.3065652446231328)	(24.0, 0.7664131115578319)	(25.0, 0.9196957338693985)	(26.0, 1.22568409825079)	(27.0, 0.8271687691285982)	(28.0, 0.6203861714116344)	(29.0, 1.0295985925160285)	(30.0, 1.9595959577733801)	(31.0, 2.1900702566531547)	(32.0, 1.831567102926061)	(33.0, 1.6381957582278395)	(34.0, 2.4900690013777744)	(35.0, 2.5050109375603373)	(36.0, 2.981460758632196)	(37.0, 3.6208716769102636)	(38.0, 4.006369796874885)	(39.0, 3.6237531080422167)	(40.0, 3.539145698736643)	(41.0, 2.4610648148479273)	(42.0, 3.2929966674526847)	(43.0, 3.8076772943604578)	(44.0, 3.462469256083022)	(45.0, 2.631661076772969)	(46.0, 2.1409003765090544)	(47.0, 1.6649383492058862)	(48.0, 2.702554361483264)	(49.0, 2.8658346718138663)	(50.0, 2.502992603674497)	(51.0, 2.1281689339759033)	(52.0, 2.362368795353365)	(53.0, 3.323351138850434)	(54.0, 3.599473134735407)	(55.0, 3.0735460707925744)	(56.0, 3.2175781400048358)	(57.0, 3.8876464006843627)	(58.0, 2.6723612406515542)	(59.0, 2.11702374451863)	(60.0, 2.18366815521729)	(61.0, 1.7312186858874503)	(62.0, 1.0087406877320868)	(63.0, 1.011386611579408)	(64.0, 1.1626747992255346)	(65.0, 0.5724409204144679)	(66.0, 0.1895130603124821)	(67.0, 0.06688696246322898)	(68.0, 0.05709574926314431)	(69.0, 0.4932913481663137)	(70.0, 0.45984786693469926)	(71.0, 0.0)	(72.0, 0.0)	(73.0, 0.0)	(74.0, 0.0)	(75.0, 0.0)	(76.0, 0.0)	(77.0, 0.0)	(78.0, 0.0)	(79.0, 0.0)	(80.0, 0.0)	(81.0, 0.0)	(82.0, 0.0)	(83.0, 0.0)	(84.0, 0.0)	(85.0, 0.0)	(86.0, 0.0)	(87.0, 0.0)	(88.0, 0.0)	(89.0, 0.0)	(90.0, 0.0)	(91.0, 0.0)	(92.0, 0.0)	(93.0, 0.0)	(94.0, 0.0)	(95.0, 0.0)	(96.0, 0.0)	(97.0, 0.0)	(98.0, 0.0)	(99.0, 0.0)	(100.0, 0.0)
dorado_barcode14	(0.0, 0.0)	(1.0, 0.0)	(2.0, 0.0)	(3.0, 0.0)	(4.0, 0.0)	(5.0, 0.0)	(6.0, 0.0)	(7.0, 0.0)	(8.0, 0.0)	(9.0, 0.0)	(10.0, 0.025326421618498757)	(11.0, 0.050652843236997515)	(12.0, 0.08864247566474565)	(13.0, 0.10552675674374482)	(14.0, 0.07597926485549626)	(15.0, 0.07597926485549626)	(16.0, 0.07597926485549626)	(17.0, 0.07597926485549626)	(18.0, 0.060783411884397016)	(19.0, 0.050652843236997515)	(20.0, 0.09708461620424523)	(21.0, 0.14651759978951648)	(22.0, 0.1929493727567642)	(23.0, 0.26751718073219466)	(24.0, 0.49111913860224465)	(25.0, 0.69591743974571)	(26.0, 0.6500064481753794)	(27.0, 0.7246974643121857)	(28.0, 1.2229966907035064)	(29.0, 1.3534824285689773)	(30.0, 1.316094131440827)	(31.0, 1.6876087621973987)	(32.0, 2.2050913228367826)	(33.0, 2.2391347450963877)	(34.0, 2.329292416151269)	(35.0, 2.3267271421016695)	(36.0, 2.8824053774244867)	(37.0, 3.1655023851988644)	(38.0, 3.323261188763163)	(39.0, 3.280902303026033)	(40.0, 3.1349963114899735)	(41.0, 3.0903185729207014)	(42.0, 3.045763586306174)	(43.0, 3.2630751040234447)	(44.0, 3.131702907486426)	(45.0, 3.0722607361119847)	(46.0, 2.9328766300643574)	(47.0, 3.1841572978872157)	(48.0, 3.0324211435186332)	(49.0, 2.9307473038671343)	(50.0, 2.7725729501153333)	(51.0, 2.756866906302598)	(52.0, 2.611175963758193)	(53.0, 2.8042068813777776)	(54.0, 2.763009923757107)	(55.0, 2.545133603540822)	(56.0, 2.6660627243667765)	(57.0, 2.4925377995255604)	(58.0, 2.2846675689477616)	(59.0, 1.6789038862425454)	(60.0, 1.5476265049552562)	(61.0, 1.7773657636038573)	(62.0, 1.5427891580219666)	(63.0, 1.0910981109301225)	(64.0, 1.104755655156719)	(65.0, 1.1312729464820575)	(66.0, 0.9758499023999951)	(67.0, 0.7329648939680982)	(68.0, 0.6142030424114577)	(69.0, 0.46304079844424684)	(70.0, 0.34182994511755593)	(71.0, 0.2749181121494367)	(72.0, 0.17463170715993429)	(73.0, 0.13917471689403602)	(74.0, 0.12832053620039371)	(75.0, 0.08610983350289578)	(76.0, 0.06753712431599668)	(77.0, 0.06753712431599668)	(78.0, 0.06753712431599668)	(79.0, 0.06753712431599668)	(80.0, 0.050652843236997515)	(81.0, 0.050652843236997515)	(82.0, 0.025326421618498757)	(83.0, 0.0)	(84.0, 0.0)	(85.0, 0.0)	(86.0, 0.0)	(87.0, 0.0)	(88.0, 0.0)	(89.0, 0.0)	(90.0, 0.0)	(91.0, 0.0)	(92.0, 0.0)	(93.0, 0.0)	(94.0, 0.0)	(95.0, 0.0)	(96.0, 0.0)	(97.0, 0.0)	(98.0, 0.0)	(99.0, 0.0)	(100.0, 0.0)
dorado_barcode15	(0.0, 0.01055419781979662)	(1.0, 0.01055419781979662)	(2.0, 0.01055419781979662)	(3.0, 0.01583129672969493)	(4.0, 0.02110839563959324)	(5.0, 0.02110839563959324)	(6.0, 0.026385494549491555)	(7.0, 0.03693969236928817)	(8.0, 0.055409538553932255)	(9.0, 0.06596373637372888)	(10.0, 0.07563841770854246)	(11.0, 0.08275450563249623)	(12.0, 0.08045641417173406)	(13.0, 0.10055043658838707)	(14.0, 0.14058641618883977)	(15.0, 0.18961697447934484)	(16.0, 0.18550259120413964)	(17.0, 0.18205991239149172)	(18.0, 0.1878609137617089)	(19.0, 0.1649326034070799)	(20.0, 0.17303599524966892)	(21.0, 0.24454833688667427)	(22.0, 0.3479226758692243)	(23.0, 0.445420968680882)	(24.0, 0.5067768243086612)	(25.0, 0.5267286048926577)	(26.0, 0.6354594970732271)	(27.0, 0.8093387813791317)	(28.0, 1.0727013168012325)	(29.0, 1.324298593632916)	(30.0, 1.5030502286248912)	(31.0, 1.6417978221152656)	(32.0, 1.766928845099798)	(33.0, 1.9861817324826219)	(34.0, 2.3403203878373384)	(35.0, 2.452953350926109)	(36.0, 2.5271812629359856)	(37.0, 2.770022301497579)	(38.0, 2.7760396012052766)	(39.0, 2.8058788086585915)	(40.0, 2.9059223761023953)	(41.0, 2.9250562567893685)	(42.0, 2.877171708884884)	(43.0, 2.713438047884456)	(44.0, 2.6323172683965086)	(45.0, 2.7775251582087237)	(46.0, 2.7663464928039514)	(47.0, 2.7365537291226496)	(48.0, 2.925822115970279)	(49.0, 2.9338480058430405)	(50.0, 2.8888900036414307)	(51.0, 2.9152973203080443)	(52.0, 2.934275205499737)	(53.0, 2.927734521581742)	(54.0, 2.974167283253434)	(55.0, 2.8900680845667504)	(56.0, 2.7354939349543463)	(57.0, 2.5258963691990135)	(58.0, 2.314691850834574)	(59.0, 2.0799790475499176)	(60.0, 2.0176104130222163)	(61.0, 1.971552918927801)	(62.0, 1.818137059033682)	(63.0, 1.542828853572768)	(64.0, 1.311401793627476)	(65.0, 1.1998319301868043)	(66.0, 0.9663900144328809)	(67.0, 0.6840313720788341)	(68.0, 0.6131869389709474)	(69.0, 0.5080125069699237)	(70.0, 0.4241875878430371)	(71.0, 0.2888519260741961)	(72.0, 0.19570331743013178)	(73.0, 0.1702904198472018)	(74.0, 0.1533294212917791)	(75.0, 0.12426224783975548)	(76.0, 0.06610651502388847)	(77.0, 0.053990963578153146)	(78.0, 0.04045775830922038)	(79.0, 0.04045775830922038)	(80.0, 0.03518065939932207)	(81.0, 0.026385494549491555)	(82.0, 0.01583129672969493)	(83.0, 0.013192747274745778)	(84.0, 0.01055419781979662)	(85.0, 0.00527709890989831)	(86.0, 0.0)	(87.0, 0.0)	(88.0, 0.0015077425456852314)	(89.0, 0.0)	(90.0, 0.0)	(91.0, 0.0)	(92.0, 0.0)	(93.0, 0.0)	(94.0, 0.0)	(95.0, 0.0)	(96.0, 0.0)	(97.0, 0.0)	(98.0, 0.0)	(99.0, 0.0)	(100.0, 0.0)
dorado_barcode16	(0.0, 0.0)	(1.0, 0.0)	(2.0, 0.0)	(3.0, 0.0)	(4.0, 0.0)	(5.0, 0.0)	(6.0, 0.0)	(7.0, 0.0)	(8.0, 0.0)	(9.0, 0.22995192966837463)	(10.0, 0.22995192966837463)	(11.0, 0.0)	(12.0, 0.22995192966837463)	(13.0, 0.22995192966837463)	(14.0, 0.0)	(15.0, 0.0)	(16.0, 0.0)	(17.0, 0.09198077186734986)	(18.0, 0.0)	(19.0, 0.22995192966837463)	(20.0, 0.22995192966837463)	(21.0, 0.2190018377794044)	(22.0, 0.39808882447965926)	(23.0, 0.22995192966837463)	(24.0, 0.4369086663699119)	(25.0, 0.554472834741492)	(26.0, 0.2682772512797704)	(27.0, 1.188084969953269)	(28.0, 2.901774350577109)	(29.0, 2.25673260171404)	(30.0, 1.7338894699213359)	(31.0, 2.6308093494700455)	(32.0, 1.6351007959186452)	(33.0, 2.208318304087278)	(34.0, 2.8444662573035)	(35.0, 3.6973601166049495)	(36.0, 3.842174771382176)	(37.0, 3.22288439776727)	(38.0, 2.2978340200575564)	(39.0, 2.3473135105024254)	(40.0, 2.247265005086085)	(41.0, 1.6170535957738836)	(42.0, 2.295222215169742)	(43.0, 2.6295832305334756)	(44.0, 2.4148428762825396)	(45.0, 1.877277117025728)	(46.0, 2.8640250260123454)	(47.0, 2.924288403142764)	(48.0, 2.5976304640074437)	(49.0, 1.991896862293117)	(50.0, 2.6988096753474475)	(51.0, 3.9033858214803354)	(52.0, 3.4437975907978244)	(53.0, 3.3461162574611047)	(54.0, 3.7503968912260897)	(55.0, 2.25445082129606)	(56.0, 2.578055048509767)	(57.0, 2.9944027533897137)	(58.0, 2.267360670157174)	(59.0, 1.8850402240020732)	(60.0, 1.7108183320150208)	(61.0, 0.9960372774050642)	(62.0, 1.194715107103686)	(63.0, 1.4295344961050627)	(64.0, 1.0030284170296722)	(65.0, 1.4070868077326735)	(66.0, 0.9068667009865337)	(67.0, 0.2936615552042014)	(68.0, 0.6898557890051238)	(69.0, 0.6706931281994261)	(70.0, 0.22995192966837463)	(71.0, 0.041809441757886305)	(72.0, 0.22995192966837463)	(73.0, 0.22995192966837463)	(74.0, 0.0)	(75.0, 0.0)	(76.0, 0.0)	(77.0, 0.0)	(78.0, 0.0)	(79.0, 0.0)	(80.0, 0.0)	(81.0, 0.0)	(82.0, 0.0)	(83.0, 0.0)	(84.0, 0.0)	(85.0, 0.0)	(86.0, 0.0)	(87.0, 0.0)	(88.0, 0.0)	(89.0, 0.0)	(90.0, 0.0)	(91.0, 0.0)	(92.0, 0.0)	(93.0, 0.0)	(94.0, 0.0)	(95.0, 0.0)	(96.0, 0.0)	(97.0, 0.0)	(98.0, 0.0)	(99.0, 0.0)	(100.0, 0.0)
dorado_barcode17	(0.0, 0.01290848335710367)	(1.0, 0.012466568413286496)	(2.0, 0.012794151339604785)	(3.0, 0.01400484421985058)	(4.0, 0.017815880927171315)	(5.0, 0.023700671405738356)	(6.0, 0.03290343647486058)	(7.0, 0.0439316114032502)	(8.0, 0.055766095474864934)	(9.0, 0.06832084049591891)	(10.0, 0.0832971458068481)	(11.0, 0.10481817646438461)	(12.0, 0.1313748839470907)	(13.0, 0.1685597640933559)	(14.0, 0.20871430529159152)	(15.0, 0.25656326573632077)	(16.0, 0.31799815306016677)	(17.0, 0.3982907596596325)	(18.0, 0.48616307444128193)	(19.0, 0.5782708997833402)	(20.0, 0.6938548785435029)	(21.0, 0.8387924964870048)	(22.0, 0.990301523806429)	(23.0, 1.1498691839171598)	(24.0, 1.3147102410237876)	(25.0, 1.5185993318291835)	(26.0, 1.7245592354060317)	(27.0, 1.9360171006655182)	(28.0, 2.152790420144497)	(29.0, 2.3974432564970405)	(30.0, 2.644457557422982)	(31.0, 2.8856880323114797)	(32.0, 3.124587463559621)	(33.0, 3.333489472857809)	(34.0, 3.470781359239848)	(35.0, 3.5381749418463295)	(36.0, 3.585835336484315)	(37.0, 3.567565996925474)	(38.0, 3.4719581487874103)	(39.0, 3.3382994957121817)	(40.0, 3.1554215824335374)	(41.0, 2.996081757923312)	(42.0, 2.866545244454573)	(43.0, 2.712505442693002)	(44.0, 2.5536079551845536)	(45.0, 2.417733804377065)	(46.0, 2.316125015289279)	(47.0, 2.239555327107936)	(48.0, 2.1785828308719166)	(49.0, 2.1028323148800427)	(50.0, 2.043538230692003)	(51.0, 1.9276291989858019)	(52.0, 1.8382875225741466)	(53.0, 1.757113773452381)	(54.0, 1.6501088819064456)	(55.0, 1.5591818401345572)	(56.0, 1.4467397858023263)	(57.0, 1.3448536983861816)	(58.0, 1.2422300502453056)	(59.0, 1.1388859264151117)	(60.0, 1.038672897910668)	(61.0, 0.9364299517757632)	(62.0, 0.8346683681847107)	(63.0, 0.7388543819463188)	(64.0, 0.6541004425929192)	(65.0, 0.580967455890741)	(66.0, 0.5023650789098376)	(67.0, 0.4382557300305512)	(68.0, 0.3726618579161605)	(69.0, 0.3176365627459281)	(70.0, 0.26342067997922003)	(71.0, 0.2144043387435397)	(72.0, 0.1768237731021464)	(73.0, 0.14288413318185436)	(74.0, 0.11732546640303579)	(75.0, 0.092743007691095)	(76.0, 0.07158476857415151)	(77.0, 0.05877636832816634)	(78.0, 0.046652526180659994)	(79.0, 0.03652936211033335)	(80.0, 0.029907102085116318)	(81.0, 0.02452952060002411)	(82.0, 0.020164143239220375)	(83.0, 0.01540530289875157)	(84.0, 0.01291076751040993)	(85.0, 0.011591626434505741)	(86.0, 0.010050550275833856)	(87.0, 0.009012353511748153)	(88.0, 0.008105877592110566)	(89.0, 0.006643548246766759)	(90.0, 0.004797638222415873)	(91.0, 0.0032940850366946564)	(92.0, 0.0033001324798321565)	(93.0, 0.00272134941187455)	(94.0, 0.0020097669360288344)	(95.0, 0.001341432841408869)	(96.0, 0.0008809108836956877)	(97.0, 0.00066521874512489)	(98.0, 0.0007357722483957116)	(99.0, 0.0009171955425206818)	(100.0, 0.0012598839869789585)
dorado_barcode18	(0.0, 0.011759774630222233)	(1.0, 0.011365177541301156)	(2.0, 0.011494527070843407)	(3.0, 0.013397669245078151)	(4.0, 0.016282435313148172)	(5.0, 0.019716113694588897)	(6.0, 0.02424772769430141)	(7.0, 0.029216248754328097)	(8.0, 0.03632478271335966)	(9.0, 0.04676782782112643)	(10.0, 0.06003096793190974)	(11.0, 0.07523898303236264)	(12.0, 0.09313065566911034)	(13.0, 0.11900111724546607)	(14.0, 0.15799890755359214)	(15.0, 0.19664260466417263)	(16.0, 0.23876870093808258)	(17.0, 0.30002053256994776)	(18.0, 0.373934055099641)	(19.0, 0.45415285829068397)	(20.0, 0.5480206643030526)	(21.0, 0.6642578033875941)	(22.0, 0.7930175937523943)	(23.0, 0.9414357230383504)	(24.0, 1.0796316012648197)	(25.0, 1.2577418298249565)	(26.0, 1.4672738921623893)	(27.0, 1.6869901455861986)	(28.0, 1.908208245692448)	(29.0, 2.165263369254743)	(30.0, 2.4038528511001136)	(31.0, 2.653588600051975)	(32.0, 2.9169085603952793)	(33.0, 3.150578190193224)	(34.0, 3.337635458929633)	(35.0, 3.4782008948858016)	(36.0, 3.5666019372242292)	(37.0, 3.6502684060635593)	(38.0, 3.641181486146787)	(39.0, 3.5779960891030957)	(40.0, 3.469697792970868)	(41.0, 3.3517156564804695)	(42.0, 3.2637395950463777)	(43.0, 3.0203334520152065)	(44.0, 2.857387944397775)	(45.0, 2.723255338051306)	(46.0, 2.606643418057258)	(47.0, 2.5312147132868836)	(48.0, 2.4481353419598695)	(49.0, 2.3423942375800895)	(50.0, 2.1897569924579283)	(51.0, 2.00246703158787)	(52.0, 1.8751572278536754)	(53.0, 1.7617232726245147)	(54.0, 1.640105792606357)	(55.0, 1.5335508984133217)	(56.0, 1.444969978163835)	(57.0, 1.3365362827482563)	(58.0, 1.2303307362673992)	(59.0, 1.112322719244922)	(60.0, 1.0083719142850411)	(61.0, 0.9269481885207259)	(62.0, 0.8310329685849877)	(63.0, 0.7487159204715438)	(64.0, 0.6705699064417151)	(65.0, 0.5891875591884863)	(66.0, 0.512728712735719)	(67.0, 0.4428314938710698)	(68.0, 0.38233130510593955)	(69.0, 0.3369367242556744)	(70.0, 0.28689369868374226)	(71.0, 0.23390878327341444)	(72.0, 0.19108513342351963)	(73.0, 0.1646306420420997)	(74.0, 0.1340761560424505)	(75.0, 0.11077105181054926)	(76.0, 0.08654369640934972)	(77.0, 0.07087832530986529)	(78.0, 0.05966579634748012)	(79.0, 0.044763964532760415)	(80.0, 0.0377981294065581)	(81.0, 0.03422470599914582)	(82.0, 0.026776965692155406)	(83.0, 0.023020479543664155)	(84.0, 0.020167442254421276)	(85.0, 0.017906152609852784)	(86.0, 0.014096346130151564)	(87.0, 0.012691171156828366)	(88.0, 0.012028211346241565)	(89.0, 0.011012254072332138)	(90.0, 0.0082470702791281)	(91.0, 0.006253817781069463)	(92.0, 0.0059228780345574)	(93.0, 0.004314610758886151)	(94.0, 0.0031124244958159525)	(95.0, 0.002379872995660768)	(96.0, 0.001450030350480406)	(97.0, 0.001236371654437124)	(98.0, 0.0010255617410077527)	(99.0, 0.0014563864654553384)	(100.0, 0.0024237442479149896)
dorado_barcode19	(0.0, 0.0)	(1.0, 0.0)	(2.0, 0.0)	(3.0, 0.0)	(4.0, 0.0)	(5.0, 0.0)	(6.0, 0.0)	(7.0, 0.0)	(8.0, 0.0)	(9.0, 0.0)	(10.0, 0.0)	(11.0, 0.0)	(12.0, 0.0)	(13.0, 0.0)	(14.0, 0.0)	(15.0, 0.1300501723692433)	(16.0, 0.3901505171077299)	(17.0, 0.3901505171077299)	(18.0, 0.4551756032923516)	(19.0, 0.3487709168084252)	(20.0, 0.34680045965131545)	(21.0, 0.4768506320205587)	(22.0, 0.5722207584246706)	(23.0, 1.0534063961908706)	(24.0, 1.0142327467089156)	(25.0, 0.6219147267283651)	(26.0, 0.5707757565094568)	(27.0, 1.1589947504239944)	(28.0, 1.3886021989442878)	(29.0, 1.2454978196211124)	(30.0, 1.4787466488140883)	(31.0, 1.8944168290527332)	(32.0, 1.998345648302011)	(33.0, 1.677232198065872)	(34.0, 2.4823023097845835)	(35.0, 2.1201217019359833)	(36.0, 1.4660243725373514)	(37.0, 1.9539263985417876)	(38.0, 2.26466726206472)	(39.0, 2.154713667558148)	(40.0, 2.3326928644917557)	(41.0, 2.0823791236335802)	(42.0, 2.25751886456245)	(43.0, 2.4107323510426206)	(44.0, 3.558735854696155)	(45.0, 4.136506560313187)	(46.0, 5.328262680556625)	(47.0, 8.282283637629153)	(48.0, 8.382540020022203)	(49.0, 4.925784547612524)	(50.0, 3.1656498595827163)	(51.0, 2.7841433654442382)	(52.0, 2.5388228490773974)	(53.0, 2.281822084927388)	(54.0, 2.2991840702304676)	(55.0, 2.114253840384491)	(56.0, 1.623247434824134)	(57.0, 1.4234776315310924)	(58.0, 1.3188749059217564)	(59.0, 1.5348170335996059)	(60.0, 1.0220410280065424)	(61.0, 1.0978498641874068)	(62.0, 0.9720828143781555)	(63.0, 0.6641334776489124)	(64.0, 0.4594461847402544)	(65.0, 0.142435903071076)	(66.0, 0.31835481092097384)	(67.0, 0.2747961413424793)	(68.0, 0.39409143142194936)	(69.0, 0.16720736447474138)	(70.0, 0.0)	(71.0, 0.05174039115765594)	(72.0, 0.0)	(73.0, 0.0)	(74.0, 0.0)	(75.0, 0.0)	(76.0, 0.0)	(77.0, 0.0)	(78.0, 0.0)	(79.0, 0.0)	(80.0, 0.0)	(81.0, 0.0)	(82.0, 0.0)	(83.0, 0.0)	(84.0, 0.0)	(85.0, 0.0)	(86.0, 0.0)	(87.0, 0.0)	(88.0, 0.0)	(89.0, 0.0)	(90.0, 0.0)	(91.0, 0.0)	(92.0, 0.0)	(93.0, 0.0)	(94.0, 0.0)	(95.0, 0.0)	(96.0, 0.0)	(97.0, 0.0)	(98.0, 0.0)	(99.0, 0.0)	(100.0, 0.0)
dorado_barcode20	(0.0, 0.0011626361435721176)	(1.0, 0.0011626361435721176)	(2.0, 0.0011626361435721176)	(3.0, 0.0016470678700605)	(4.0, 0.002034613251251206)	(5.0, 0.001808545112223294)	(6.0, 0.002131499596548882)	(7.0, 0.002712817668334941)	(8.0, 0.003681681121311706)	(9.0, 0.0046505445742884705)	(10.0, 0.005813180717860588)	(11.0, 0.007169589552028058)	(12.0, 0.006975816861432706)	(13.0, 0.007169589552028058)	(14.0, 0.00792853259019319)	(15.0, 0.00876821424943972)	(16.0, 0.009979293565660676)	(17.0, 0.010625202534311852)	(18.0, 0.011057961543308141)	(19.0, 0.01275577940376266)	(20.0, 0.013865737582435027)	(21.0, 0.015742982557351886)	(22.0, 0.017937059828006457)	(23.0, 0.018554196488054082)	(24.0, 0.01919047238655009)	(25.0, 0.02185964533142785)	(26.0, 0.0252332740671467)	(27.0, 0.02920891983968006)	(28.0, 0.03473809924022523)	(29.0, 0.03872767891728784)	(30.0, 0.04368458239345422)	(31.0, 0.05303730525811392)	(32.0, 0.06026705226939105)	(33.0, 0.07266828922117455)	(34.0, 0.08569848890564631)	(35.0, 0.10125206683440965)	(36.0, 0.13050757679299105)	(37.0, 0.1655175662447817)	(38.0, 0.20016360020363053)	(39.0, 0.24366357674324582)	(40.0, 0.28978466517268)	(41.0, 0.34192998862885143)	(42.0, 0.4154333328077868)	(43.0, 0.5030005094174516)	(44.0, 0.5982570764914086)	(45.0, 0.7167784172348141)	(46.0, 0.901341062577999)	(47.0, 1.12419398962056)	(48.0, 1.3980373101017791)	(49.0, 1.7337996446644675)	(50.0, 2.1440091359855282)	(51.0, 2.611877923483401)	(52.0, 3.1478495983915598)	(53.0, 3.85101319106744)	(54.0, 4.735369047978006)	(55.0, 5.765763226103388)	(56.0, 7.0092512664770386)	(57.0, 8.315100967660232)	(58.0, 9.12581011379606)	(59.0, 9.089311134741191)	(60.0, 8.279833124405556)	(61.0, 7.025434073852704)	(62.0, 5.525091201180898)	(63.0, 4.0607948446656765)	(64.0, 2.8946011686834785)	(65.0, 2.0425960608665297)	(66.0, 1.4102269254591775)	(67.0, 0.9796988647853315)	(68.0, 0.6679538704053407)	(69.0, 0.458404529708154)	(70.0, 0.31856067782847114)	(71.0, 0.2189113931500681)	(72.0, 0.15195194838001558)	(73.0, 0.11483227160405449)	(74.0, 0.08985197720765695)	(75.0, 0.0714210906136181)	(76.0, 0.05848646992139252)	(77.0, 0.047603490989591705)	(78.0, 0.040821446818754346)	(79.0, 0.033135130091805354)	(80.0, 0.025577995158586584)	(81.0, 0.02053990520310741)	(82.0, 0.01621231511314453)	(83.0, 0.014080815516595645)	(84.0, 0.012788997579293292)	(85.0, 0.012013906816911883)	(86.0, 0.011626361435721176)	(87.0, 0.011626361435721176)	(88.0, 0.010657497982744412)	(89.0, 0.008913543767386236)	(90.0, 0.00794468031440947)	(91.0, 0.0075571349332187645)	(92.0, 0.006394498789646646)	(93.0, 0.005231862646074529)	(94.0, 0.004262999193097764)	(95.0, 0.002906590358930294)	(96.0, 0.0023252722871442352)	(97.0, 0.0023252722871442352)	(98.0, 0.0023252722871442352)	(99.0, 0.0023252722871442352)	(100.0, 0.0023252722871442352)
dorado_barcode21	(0.0, 0.0)	(1.0, 0.0)	(2.0, 0.0)	(3.0, 0.0)	(4.0, 0.0)	(5.0, 0.0)	(6.0, 0.0)	(7.0, 0.0)	(8.0, 0.0)	(9.0, 0.0)	(10.0, 0.0)	(11.0, 0.0)	(12.0, 0.0)	(13.0, 0.0)	(14.0, 0.0)	(15.0, 0.0)	(16.0, 0.0)	(17.0, 0.0)	(18.0, 0.0)	(19.0, 0.0)	(20.0, 0.0)	(21.0, 0.0)	(22.0, 0.0)	(23.0, 0.0)	(24.0, 0.0)	(25.0, 0.0)	(26.0, 0.0)	(27.0, 0.0)	(28.0, 0.0)	(29.0, 0.0)	(30.0, 0.0)	(31.0, 0.0)	(32.0, 0.0)	(33.0, 0.0)	(34.0, 0.0)	(35.0, 0.0)	(36.0, 0.0)	(37.0, 0.0)	(38.0, 0.0)	(39.0, 0.0)	(40.0, 0.0)	(41.0, 0.0)	(42.0, 50.0)	(43.0, 50.0)	(44.0, 0.0)	(45.0, 0.0)	(46.0, 0.0)	(47.0, 0.0)	(48.0, 0.0)	(49.0, 0.0)	(50.0, 0.0)	(51.0, 0.0)	(52.0, 0.0)	(53.0, 0.0)	(54.0, 0.0)	(55.0, 0.0)	(56.0, 0.0)	(57.0, 0.0)	(58.0, 0.0)	(59.0, 0.0)	(60.0, 0.0)	(61.0, 0.0)	(62.0, 0.0)	(63.0, 0.0)	(64.0, 0.0)	(65.0, 0.0)	(66.0, 0.0)	(67.0, 0.0)	(68.0, 0.0)	(69.0, 0.0)	(70.0, 0.0)	(71.0, 0.0)	(72.0, 0.0)	(73.0, 0.0)	(74.0, 0.0)	(75.0, 0.0)	(76.0, 0.0)	(77.0, 0.0)	(78.0, 0.0)	(79.0, 0.0)	(80.0, 0.0)	(81.0, 0.0)	(82.0, 0.0)	(83.0, 0.0)	(84.0, 0.0)	(85.0, 0.0)	(86.0, 0.0)	(87.0, 0.0)	(88.0, 0.0)	(89.0, 0.0)	(90.0, 0.0)	(91.0, 0.0)	(92.0, 0.0)	(93.0, 0.0)	(94.0, 0.0)	(95.0, 0.0)	(96.0, 0.0)	(97.0, 0.0)	(98.0, 0.0)	(99.0, 0.0)	(100.0, 0.0)
dorado_barcode23	(0.0, 0.0)	(1.0, 0.0)	(2.0, 0.0)	(3.0, 0.0)	(4.0, 0.0)	(5.0, 0.0)	(6.0, 0.0)	(7.0, 0.0)	(8.0, 0.0)	(9.0, 0.0)	(10.0, 0.0)	(11.0, 0.0)	(12.0, 0.0)	(13.0, 0.0)	(14.0, 0.0)	(15.0, 0.0)	(16.0, 0.0)	(17.0, 0.0)	(18.0, 0.0)	(19.0, 0.0)	(20.0, 0.0)	(21.0, 0.0)	(22.0, 0.0)	(23.0, 0.0)	(24.0, 0.0)	(25.0, 0.0)	(26.0, 0.0)	(27.0, 0.0)	(28.0, 0.0)	(29.0, 0.0)	(30.0, 0.0)	(31.0, 0.0)	(32.0, 0.0)	(33.0, 0.0)	(34.0, 0.0)	(35.0, 0.0)	(36.0, 0.0)	(37.0, 0.0)	(38.0, 0.0)	(39.0, 0.0)	(40.0, 0.0)	(41.0, 0.0)	(42.0, 0.0)	(43.0, 0.0)	(44.0, 0.0)	(45.0, 0.0)	(46.0, 0.0)	(47.0, 0.0)	(48.0, 0.0)	(49.0, 0.0)	(50.0, 0.0)	(51.0, 0.0)	(52.0, 0.0)	(53.0, 0.0)	(54.0, 0.0)	(55.0, 100.0)	(56.0, 0.0)	(57.0, 0.0)	(58.0, 0.0)	(59.0, 0.0)	(60.0, 0.0)	(61.0, 0.0)	(62.0, 0.0)	(63.0, 0.0)	(64.0, 0.0)	(65.0, 0.0)	(66.0, 0.0)	(67.0, 0.0)	(68.0, 0.0)	(69.0, 0.0)	(70.0, 0.0)	(71.0, 0.0)	(72.0, 0.0)	(73.0, 0.0)	(74.0, 0.0)	(75.0, 0.0)	(76.0, 0.0)	(77.0, 0.0)	(78.0, 0.0)	(79.0, 0.0)	(80.0, 0.0)	(81.0, 0.0)	(82.0, 0.0)	(83.0, 0.0)	(84.0, 0.0)	(85.0, 0.0)	(86.0, 0.0)	(87.0, 0.0)	(88.0, 0.0)	(89.0, 0.0)	(90.0, 0.0)	(91.0, 0.0)	(92.0, 0.0)	(93.0, 0.0)	(94.0, 0.0)	(95.0, 0.0)	(96.0, 0.0)	(97.0, 0.0)	(98.0, 0.0)	(99.0, 0.0)	(100.0, 0.0)
dorado_barcode24	(0.0, 0.0)	(1.0, 0.0)	(2.0, 0.0)	(3.0, 0.0)	(4.0, 0.0)	(5.0, 0.0)	(6.0, 0.0)	(7.0, 0.0)	(8.0, 0.0)	(9.0, 0.0)	(10.0, 0.0)	(11.0, 0.0)	(12.0, 0.0)	(13.0, 0.0)	(14.0, 0.0)	(15.0, 0.0)	(16.0, 0.0)	(17.0, 0.0)	(18.0, 0.0)	(19.0, 0.0)	(20.0, 0.0)	(21.0, 0.0)	(22.0, 0.0)	(23.0, 0.0)	(24.0, 0.0)	(25.0, 0.0)	(26.0, 0.0)	(27.0, 0.0)	(28.0, 0.0)	(29.0, 100.0)	(30.0, 0.0)	(31.0, 0.0)	(32.0, 0.0)	(33.0, 0.0)	(34.0, 0.0)	(35.0, 0.0)	(36.0, 0.0)	(37.0, 0.0)	(38.0, 0.0)	(39.0, 0.0)	(40.0, 0.0)	(41.0, 0.0)	(42.0, 0.0)	(43.0, 0.0)	(44.0, 0.0)	(45.0, 0.0)	(46.0, 0.0)	(47.0, 0.0)	(48.0, 0.0)	(49.0, 0.0)	(50.0, 0.0)	(51.0, 0.0)	(52.0, 0.0)	(53.0, 0.0)	(54.0, 0.0)	(55.0, 0.0)	(56.0, 0.0)	(57.0, 0.0)	(58.0, 0.0)	(59.0, 0.0)	(60.0, 0.0)	(61.0, 0.0)	(62.0, 0.0)	(63.0, 0.0)	(64.0, 0.0)	(65.0, 0.0)	(66.0, 0.0)	(67.0, 0.0)	(68.0, 0.0)	(69.0, 0.0)	(70.0, 0.0)	(71.0, 0.0)	(72.0, 0.0)	(73.0, 0.0)	(74.0, 0.0)	(75.0, 0.0)	(76.0, 0.0)	(77.0, 0.0)	(78.0, 0.0)	(79.0, 0.0)	(80.0, 0.0)	(81.0, 0.0)	(82.0, 0.0)	(83.0, 0.0)	(84.0, 0.0)	(85.0, 0.0)	(86.0, 0.0)	(87.0, 0.0)	(88.0, 0.0)	(89.0, 0.0)	(90.0, 0.0)	(91.0, 0.0)	(92.0, 0.0)	(93.0, 0.0)	(94.0, 0.0)	(95.0, 0.0)	(96.0, 0.0)	(97.0, 0.0)	(98.0, 0.0)	(99.0, 0.0)	(100.0, 0.0)
dorado_unclassified	(0.0, 7.359512885723545)	(1.0, 2.8340230179499692)	(2.0, 0.25231107214146975)	(3.0, 0.21698496342484322)	(4.0, 0.19801159334117605)	(5.0, 0.1842808007933371)	(6.0, 0.17194066512720743)	(7.0, 0.16519707649785734)	(8.0, 0.16586856924854432)	(9.0, 0.16325856519919002)	(10.0, 0.15667596925004762)	(11.0, 0.15321643635874474)	(12.0, 0.14855134556515434)	(13.0, 0.150806912679375)	(14.0, 0.15420908934863148)	(15.0, 0.16926196109523856)	(16.0, 0.18899910237898485)	(17.0, 0.20030305939947976)	(18.0, 0.2175527167928478)	(19.0, 0.2562007377279861)	(20.0, 0.28265050750281834)	(21.0, 0.33227864913974603)	(22.0, 0.3979302471505498)	(23.0, 0.45779362260497164)	(24.0, 0.5215838592787119)	(25.0, 0.6055748605852704)	(26.0, 0.7008662468813155)	(27.0, 0.8299508690742203)	(28.0, 0.9593927796675241)	(29.0, 1.0858156978502211)	(30.0, 1.195213400099536)	(31.0, 1.3330210478775961)	(32.0, 1.4296195521961808)	(33.0, 1.591974578837001)	(34.0, 1.7000464015976486)	(35.0, 1.8072056288718858)	(36.0, 1.916712984408907)	(37.0, 1.9947243683676774)	(38.0, 2.0588213344568933)	(39.0, 2.244044020334958)	(40.0, 4.0322949193246265)	(41.0, 3.1467314450762145)	(42.0, 2.0411319385798685)	(43.0, 1.97411605573199)	(44.0, 1.9138456153986418)	(45.0, 1.8809718280496064)	(46.0, 1.8446232757143406)	(47.0, 1.7655488748695751)	(48.0, 1.7820563449235736)	(49.0, 2.1284023390516955)	(50.0, 4.239348035093298)	(51.0, 3.447029148267279)	(52.0, 2.11472745743376)	(53.0, 2.144694201120325)	(54.0, 2.2454351142156153)	(55.0, 2.3412775108439843)	(56.0, 2.4104594964055313)	(57.0, 2.5169212139353077)	(58.0, 2.5431625156024706)	(59.0, 2.4071385369756624)	(60.0, 2.1422613193802746)	(61.0, 1.823076329781572)	(62.0, 1.5327992714454004)	(63.0, 1.2372679472119354)	(64.0, 0.9209967934137852)	(65.0, 0.700100497723595)	(66.0, 0.5517363662172031)	(67.0, 0.4504237190548487)	(68.0, 0.38005212336542893)	(69.0, 0.3225902792684866)	(70.0, 0.2875382619844908)	(71.0, 0.26138028149741144)	(72.0, 0.23908874920439438)	(73.0, 0.25510096846039726)	(74.0, 0.29917009227857905)	(75.0, 0.5047578959767328)	(76.0, 0.581479520406605)	(77.0, 0.465023051570874)	(78.0, 0.31026507642165496)	(79.0, 0.2043898520811626)	(80.0, 0.15773113059787078)	(81.0, 0.10091558871842674)	(82.0, 0.05673884079069768)	(83.0, 0.04116560933384188)	(84.0, 0.03444398813844477)	(85.0, 0.03203670078004092)	(86.0, 0.027999587829828105)	(87.0, 0.0265571922933261)	(88.0, 0.021594649914102936)	(89.0, 0.017484612265831295)	(90.0, 0.0164491704919332)	(91.0, 0.016220261055531197)	(92.0, 0.013460601015024096)	(93.0, 0.011370021546374898)	(94.0, 0.011165214315619986)	(95.0, 0.012661061556236948)	(96.0, 0.0107259736509192)	(97.0, 0.009096532475416284)	(98.0, 0.008076360609014456)	(99.0, 0.009847492321517628)	(100.0, 0.022457950114540194)
minknow_barcode01	(0.0, 0.0)	(1.0, 0.0)	(2.0, 0.0)	(3.0, 0.0)	(4.0, 0.0)	(5.0, 0.0)	(6.0, 0.0)	(7.0, 0.0)	(8.0, 0.0)	(9.0, 0.0)	(10.0, 0.0)	(11.0, 0.0)	(12.0, 0.0)	(13.0, 0.0)	(14.0, 0.0)	(15.0, 0.0)	(16.0, 0.0)	(17.0, 0.0)	(18.0, 0.0)	(19.0, 0.0)	(20.0, 0.0)	(21.0, 0.0)	(22.0, 0.0)	(23.0, 0.7216475740001175)	(24.0, 1.3530892012502203)	(25.0, 0.3163065665260255)	(26.0, 0.5869244067760695)	(27.0, 0.24601621840913096)	(28.0, 0.27061784025004404)	(29.0, 0.8659522484528849)	(30.0, 1.7087970979941907)	(31.0, 1.9010799353663808)	(32.0, 2.6300949773424445)	(33.0, 3.028437958248613)	(34.0, 3.023124877173474)	(35.0, 3.6097743977716172)	(36.0, 2.7599129726402043)	(37.0, 3.786635687340877)	(38.0, 3.22894717827419)	(39.0, 1.8974631070683128)	(40.0, 5.773600913275716)	(41.0, 4.89348680784874)	(42.0, 2.1391778426447945)	(43.0, 2.102116212742827)	(44.0, 2.5700156815173214)	(45.0, 2.1113423329240706)	(46.0, 1.9819926870528637)	(47.0, 2.487683886391216)	(48.0, 3.3589252396668456)	(49.0, 3.382253770962942)	(50.0, 2.621294806287245)	(51.0, 1.6460884111528418)	(52.0, 2.7359180116317217)	(53.0, 5.118362668294154)	(54.0, 3.368978104856038)	(55.0, 3.2851536147279563)	(56.0, 2.939084996743718)	(57.0, 1.4962807229315702)	(58.0, 1.6850769768424885)	(59.0, 1.601676239033902)	(60.0, 1.9949209168567323)	(61.0, 1.2514911456607922)	(62.0, 1.3415464234957302)	(63.0, 1.5803623994485945)	(64.0, 1.1192809304967573)	(65.0, 1.327957028352404)	(66.0, 1.2451444964352445)	(67.0, 0.2733513537879233)	(68.0, 0.12300810920456548)	(69.0, 0.3163065665260255)	(70.0, 0.19329845732146003)	(71.0, 0.0)	(72.0, 0.0)	(73.0, 0.0)	(74.0, 0.0)	(75.0, 0.0)	(76.0, 0.0)	(77.0, 0.0)	(78.0, 0.0)	(79.0, 0.0)	(80.0, 0.0)	(81.0, 0.0)	(82.0, 0.0)	(83.0, 0.0)	(84.0, 0.0)	(85.0, 0.0)	(86.0, 0.0)	(87.0, 0.0)	(88.0, 0.0)	(89.0, 0.0)	(90.0, 0.0)	(91.0, 0.0)	(92.0, 0.0)	(93.0, 0.0)	(94.0, 0.0)	(95.0, 0.0)	(96.0, 0.0)	(97.0, 0.0)	(98.0, 0.0)	(99.0, 0.0)	(100.0, 0.0)
minknow_barcode02	(0.0, 0.0)	(1.0, 0.0)	(2.0, 0.0)	(3.0, 0.0)	(4.0, 0.0)	(5.0, 0.0)	(6.0, 0.0011572354344799147)	(7.0, 0.001446544293099893)	(8.0, 0.0)	(9.0, 0.0072327214654994655)	(10.0, 0.005786177172399572)	(11.0, 0.0)	(12.0, 0.0037610151620597223)	(13.0, 0.010029373765492592)	(14.0, 0.007247333024015626)	(15.0, 0.011797789819048478)	(16.0, 0.009925881165661054)	(17.0, 0.02206637567110564)	(18.0, 0.01875122178033905)	(19.0, 0.013286591667095105)	(20.0, 0.040864157980766765)	(21.0, 0.07020128106086641)	(22.0, 0.09319102672075473)	(23.0, 0.11464270559089604)	(24.0, 0.1395597124661292)	(25.0, 0.2154713136193232)	(26.0, 0.28970028267552805)	(27.0, 0.33068520207053587)	(28.0, 0.4623532632229178)	(29.0, 0.6182569026069139)	(30.0, 0.8299009434664745)	(31.0, 1.0181521516072125)	(32.0, 1.1976915231680954)	(33.0, 1.360146907882501)	(34.0, 1.7520035257379627)	(35.0, 1.882965754283097)	(36.0, 2.239147384049615)	(37.0, 2.3829165063929763)	(38.0, 2.5547991712800497)	(39.0, 2.8394043785021292)	(40.0, 2.7330743059579983)	(41.0, 2.6289098645210682)	(42.0, 2.590861478594268)	(43.0, 2.5164551914304214)	(44.0, 2.444933057172883)	(45.0, 2.5537061888775594)	(46.0, 2.695712013691579)	(47.0, 2.6917967848618027)	(48.0, 2.7878731612320657)	(49.0, 3.035652118928299)	(50.0, 3.055137789382257)	(51.0, 3.1948278591140946)	(52.0, 3.618039229921738)	(53.0, 3.735448629010063)	(54.0, 3.7122770987421188)	(55.0, 3.6083116858316604)	(56.0, 3.4571262691265336)	(57.0, 3.2596882608817817)	(58.0, 3.0485974717850994)	(59.0, 2.8141541357078013)	(60.0, 2.684336055326041)	(61.0, 2.5420082274230005)	(62.0, 2.291942937045372)	(63.0, 2.1364517066748854)	(64.0, 1.9983316181476047)	(65.0, 1.7005508770570672)	(66.0, 1.4550185022607833)	(67.0, 1.1397415802012762)	(68.0, 0.9270791334476645)	(69.0, 0.6996220058926812)	(70.0, 0.537537348772595)	(71.0, 0.3630580027310076)	(72.0, 0.2223817833621453)	(73.0, 0.1859302564968944)	(74.0, 0.13613076301444424)	(75.0, 0.0683480346344388)	(76.0, 0.04355789088287548)	(77.0, 0.060052253082118416)	(78.0, 0.02719503271027799)	(79.0, 0.01493885742692253)	(80.0, 0.011572354344799144)	(81.0, 0.002893088586199786)	(82.0, 0.006838209385563131)	(83.0, 0.011572354344799144)	(84.0, 0.005786177172399572)	(85.0, 0.0)	(86.0, 0.0)	(87.0, 0.0)	(88.0, 0.0)	(89.0, 0.0)	(90.0, 0.0)	(91.0, 0.0)	(92.0, 0.0)	(93.0, 0.0)	(94.0, 0.0)	(95.0, 0.0)	(96.0, 0.0)	(97.0, 0.0)	(98.0, 0.0)	(99.0, 0.0)	(100.0, 0.0)
minknow_barcode03	(0.0, 0.0)	(1.0, 0.0)	(2.0, 0.0)	(3.0, 0.0)	(4.0, 0.0)	(5.0, 0.0)	(6.0, 0.0)	(7.0, 0.0)	(8.0, 0.0)	(9.0, 0.0)	(10.0, 0.0)	(11.0, 0.0)	(12.0, 0.0)	(13.0, 0.0)	(14.0, 0.0)	(15.0, 0.0)	(16.0, 0.0)	(17.0, 0.0)	(18.0, 0.0)	(19.0, 0.0)	(20.0, 0.0)	(21.0, 0.0)	(22.0, 0.0)	(23.0, 0.0)	(24.0, 3.471658139595171)	(25.0, 5.615917578756895)	(26.0, 0.13794668104351676)	(27.0, 0.0)	(28.0, 0.0)	(29.0, 4.165989767514207)	(30.0, 0.9919023255986206)	(31.0, 1.9838046511972411)	(32.0, 0.0)	(33.0, 0.4084303693641379)	(34.0, 6.99863390888719)	(35.0, 6.0754017442915496)	(36.0, 0.0)	(37.0, 0.6719338334700332)	(38.0, 3.3063410853287345)	(39.0, 0.0)	(40.0, 1.8936317125064575)	(41.0, 3.181944093999535)	(42.0, 0.0)	(43.0, 6.731555313490696)	(44.0, 6.24898465127131)	(45.0, 9.714951548014685)	(46.0, 0.0)	(47.0, 0.0)	(48.0, 0.0)	(49.0, 0.0)	(50.0, 0.9919023255986206)	(51.0, 3.4234075717662065)	(52.0, 3.275677438166412)	(53.0, 0.0)	(54.0, 2.603743604696379)	(55.0, 2.603743604696379)	(56.0, 6.621172210234939)	(57.0, 2.4016792451301407)	(58.0, 5.658669413194178)	(59.0, 2.9757069767958613)	(60.0, 0.6719338334700332)	(61.0, 2.015444278808042)	(62.0, 0.0)	(63.0, 0.9919023255986206)	(64.0, 0.0)	(65.0, 0.0)	(66.0, 2.0829948837571033)	(67.0, 2.0829948837571033)	(68.0, 0.0)	(69.0, 0.0)	(70.0, 0.0)	(71.0, 0.0)	(72.0, 0.0)	(73.0, 0.0)	(74.0, 0.0)	(75.0, 0.0)	(76.0, 0.0)	(77.0, 0.0)	(78.0, 0.0)	(79.0, 0.0)	(80.0, 0.0)	(81.0, 0.0)	(82.0, 0.0)	(83.0, 0.0)	(84.0, 0.0)	(85.0, 0.0)	(86.0, 0.0)	(87.0, 0.0)	(88.0, 0.0)	(89.0, 0.0)	(90.0, 0.0)	(91.0, 0.0)	(92.0, 0.0)	(93.0, 0.0)	(94.0, 0.0)	(95.0, 0.0)	(96.0, 0.0)	(97.0, 0.0)	(98.0, 0.0)	(99.0, 0.0)	(100.0, 0.0)
minknow_barcode04	(0.0, 0.0)	(1.0, 0.0)	(2.0, 0.0)	(3.0, 0.0)	(4.0, 0.0)	(5.0, 0.0)	(6.0, 0.0)	(7.0, 0.0)	(8.0, 0.0)	(9.0, 0.0)	(10.0, 0.0)	(11.0, 0.0)	(12.0, 0.0)	(13.0, 0.0)	(14.0, 0.0)	(15.0, 0.0)	(16.0, 0.0)	(17.0, 0.0)	(18.0, 0.0)	(19.0, 0.0)	(20.0, 0.0)	(21.0, 0.0)	(22.0, 0.0)	(23.0, 0.861206585454596)	(24.0, 0.0)	(25.0, 0.0)	(26.0, 1.8085338294546516)	(27.0, 0.03046068308681851)	(28.0, 0.0)	(29.0, 0.0)	(30.0, 1.5841858954286647)	(31.0, 3.3532377049525772)	(32.0, 2.8570186723811197)	(33.0, 0.0)	(34.0, 4.109185707740501)	(35.0, 3.55356855583431)	(36.0, 5.1195982973620024)	(37.0, 5.052411968000296)	(38.0, 0.0)	(39.0, 1.5543728615521977)	(40.0, 3.4605801208206026)	(41.0, 3.858066598548613)	(42.0, 0.0)	(43.0, 2.039589254820519)	(44.0, 1.6294908807945208)	(45.0, 0.861206585454596)	(46.0, 0.0)	(47.0, 6.064329705909446)	(48.0, 5.741377236363973)	(49.0, 0.0)	(50.0, 1.3533246342857934)	(51.0, 5.635435156407257)	(52.0, 4.211891227000247)	(53.0, 3.8538994699093174)	(54.0, 1.8946544880001113)	(55.0, 2.8419817320001672)	(56.0, 1.9573913915762737)	(57.0, 0.2310554253658672)	(58.0, 1.050475622989241)	(59.0, 2.995295431828348)	(60.0, 2.045365640454665)	(61.0, 7.215825291823361)	(62.0, 7.215825291823361)	(63.0, 2.045365640454665)	(64.0, 0.0)	(65.0, 0.0)	(66.0, 1.0525858266667283)	(67.0, 0.0)	(68.0, 0.861206585454596)	(69.0, 0.0)	(70.0, 0.0)	(71.0, 0.0)	(72.0, 0.0)	(73.0, 0.0)	(74.0, 0.0)	(75.0, 0.0)	(76.0, 0.0)	(77.0, 0.0)	(78.0, 0.0)	(79.0, 0.0)	(80.0, 0.0)	(81.0, 0.0)	(82.0, 0.0)	(83.0, 0.0)	(84.0, 0.0)	(85.0, 0.0)	(86.0, 0.0)	(87.0, 0.0)	(88.0, 0.0)	(89.0, 0.0)	(90.0, 0.0)	(91.0, 0.0)	(92.0, 0.0)	(93.0, 0.0)	(94.0, 0.0)	(95.0, 0.0)	(96.0, 0.0)	(97.0, 0.0)	(98.0, 0.0)	(99.0, 0.0)	(100.0, 0.0)
minknow_barcode05	(0.0, 0.0)	(1.0, 0.0002973286558055459)	(2.0, 0.0)	(3.0, 0.0)	(4.0, 0.0006892618839128565)	(5.0, 0.0006689894755624783)	(6.0, 0.0006689894755624783)	(7.0, 0.0)	(8.0, 0.0002675957902249914)	(9.0, 0.0016947733380916117)	(10.0, 0.0002973286558055459)	(11.0, 0.008930478554730862)	(12.0, 0.009163128574370917)	(13.0, 0.003938639336644894)	(14.0, 0.005849265556029104)	(15.0, 0.01133598539797404)	(16.0, 0.011422960262265578)	(17.0, 0.014505042078468065)	(18.0, 0.014304731536066189)	(19.0, 0.02637571442710055)	(20.0, 0.03726250339223149)	(21.0, 0.05445792761188632)	(22.0, 0.08470631576514047)	(23.0, 0.11205405089007356)	(24.0, 0.1655359782917063)	(25.0, 0.19142146239817406)	(26.0, 0.23894005447472505)	(27.0, 0.3448489819346667)	(28.0, 0.5096322796010354)	(29.0, 0.6920708114040283)	(30.0, 0.9168470384865766)	(31.0, 1.2058707966198305)	(32.0, 1.5007067022707958)	(33.0, 1.8129262020515315)	(34.0, 2.1386552715296574)	(35.0, 2.477082722896762)	(36.0, 2.695577060481976)	(37.0, 2.7846307347627803)	(38.0, 2.8900369475707883)	(39.0, 2.8119730719464004)	(40.0, 2.712177127969898)	(41.0, 2.5385760889896245)	(42.0, 2.442876008060108)	(43.0, 2.4000252737488705)	(44.0, 2.4423355436090333)	(45.0, 2.4721198227059307)	(46.0, 2.603047354082738)	(47.0, 2.836176528424962)	(48.0, 3.1617766355314276)	(49.0, 3.5850662014691395)	(50.0, 3.9196007861710442)	(51.0, 4.175588567197132)	(52.0, 4.41828117485786)	(53.0, 4.29100126414784)	(54.0, 4.0926432177311)	(55.0, 3.670958616371052)	(56.0, 3.1910624209768397)	(57.0, 2.821614387970724)	(58.0, 2.5125861650580608)	(59.0, 2.3594308254318115)	(60.0, 2.321895956776607)	(61.0, 2.2996463094716186)	(62.0, 2.0719427145536753)	(63.0, 1.7040338728449382)	(64.0, 1.317744009454529)	(65.0, 0.9955706213261979)	(66.0, 0.7695497205705039)	(67.0, 0.6132814985848546)	(68.0, 0.4607740592450736)	(69.0, 0.3452620821151021)	(70.0, 0.2297789011575)	(71.0, 0.1478264482758336)	(72.0, 0.10533004106353014)	(73.0, 0.056646181220247824)	(74.0, 0.036635846356620184)	(75.0, 0.028880362541782275)	(76.0, 0.019543424139617304)	(77.0, 0.016310890152880668)	(78.0, 0.00934905551952724)	(79.0, 0.007577826241371346)	(80.0, 0.008032526084334296)	(81.0, 0.0036348428172227982)	(82.0, 0.0005351915804499827)	(83.0, 0.0)	(84.0, 0.0009365852657874696)	(85.0, 0.0006689894755624783)	(86.0, 0.0006689894755624783)	(87.0, 0.0)	(88.0, 0.0013379789511249567)	(89.0, 0.0013379789511249567)	(90.0, 0.0008919859674166378)	(91.0, 0.0008919859674166378)	(92.0, 0.0)	(93.0, 0.0)	(94.0, 0.0)	(95.0, 0.0008919859674166378)	(96.0, 0.0)	(97.0, 0.0)	(98.0, 0.0)	(99.0, 0.0)	(100.0, 0.0)
minknow_barcode06	(0.0, 0.0)	(1.0, 0.0)	(2.0, 0.0)	(3.0, 0.0)	(4.0, 0.0)	(5.0, 0.0)	(6.0, 0.0)	(7.0, 0.0)	(8.0, 0.0)	(9.0, 0.0)	(10.0, 0.0)	(11.0, 0.0)	(12.0, 0.0)	(13.0, 0.0)	(14.0, 0.0)	(15.0, 0.0)	(16.0, 0.0)	(17.0, 0.0)	(18.0, 0.0)	(19.0, 0.0)	(20.0, 0.0)	(21.0, 0.0)	(22.0, 0.0)	(23.0, 0.0)	(24.0, 0.0)	(25.0, 0.0)	(26.0, 2.284732430412646)	(27.0, 5.711831076031615)	(28.0, 3.198625402577705)	(29.0, 3.198625402577705)	(30.0, 3.9602028793819204)	(31.0, 0.0)	(32.0, 3.198625402577705)	(33.0, 1.5376542868174592)	(34.0, 1.4539206375353202)	(35.0, 2.6655211688147538)	(36.0, 3.2309347500784895)	(37.0, 3.0532333388241724)	(38.0, 3.9982817532221304)	(39.0, 3.198625402577705)	(40.0, 0.0)	(41.0, 0.515907322996404)	(42.0, 3.884045131701498)	(43.0, 0.0)	(44.0, 0.0)	(45.0, 3.673526386440552)	(46.0, 4.773215205364575)	(47.0, 5.705537047297696)	(48.0, 2.2154981143395354)	(49.0, 0.7615774768042153)	(50.0, 1.7161030475826733)	(51.0, 0.8836624158338987)	(52.0, 0.0)	(53.0, 6.93035503891836)	(54.0, 0.7615774768042153)	(55.0, 3.0532333388241724)	(56.0, 1.4539206375353202)	(57.0, 4.88101928315429)	(58.0, 0.2811796617869354)	(59.0, 5.168453363109428)	(60.0, 3.3763268138320215)	(61.0, 3.198625402577705)	(62.0, 0.0)	(63.0, 0.0)	(64.0, 0.0)	(65.0, 1.2774847998006191)	(66.0, 0.0)	(67.0, 0.0)	(68.0, 0.0)	(69.0, 0.0)	(70.0, 0.0)	(71.0, 3.198625402577705)	(72.0, 0.0)	(73.0, 0.0)	(74.0, 0.0)	(75.0, 1.5993127012888524)	(76.0, 0.0)	(77.0, 0.0)	(78.0, 0.0)	(79.0, 0.0)	(80.0, 0.0)	(81.0, 0.0)	(82.0, 0.0)	(83.0, 0.0)	(84.0, 0.0)	(85.0, 0.0)	(86.0, 0.0)	(87.0, 0.0)	(88.0, 0.0)	(89.0, 0.0)	(90.0, 0.0)	(91.0, 0.0)	(92.0, 0.0)	(93.0, 0.0)	(94.0, 0.0)	(95.0, 0.0)	(96.0, 0.0)	(97.0, 0.0)	(98.0, 0.0)	(99.0, 0.0)	(100.0, 0.0)
minknow_barcode07	(0.0, 0.0)	(1.0, 0.0)	(2.0, 0.0)	(3.0, 0.0)	(4.0, 0.0)	(5.0, 0.0)	(6.0, 0.0)	(7.0, 0.0)	(8.0, 0.0)	(9.0, 0.0)	(10.0, 0.0)	(11.0, 0.0)	(12.0, 0.0)	(13.0, 0.0)	(14.0, 0.0)	(15.0, 0.0)	(16.0, 0.0)	(17.0, 0.0)	(18.0, 0.0)	(19.0, 0.0)	(20.0, 0.0)	(21.0, 0.0)	(22.0, 0.0)	(23.0, 0.0)	(24.0, 0.0)	(25.0, 0.0)	(26.0, 2.5456935495205317)	(27.0, 0.0)	(28.0, 2.9699758077739538)	(29.0, 10.394915327208837)	(30.0, 4.45496371166093)	(31.0, 1.6199868042403385)	(32.0, 0.0)	(33.0, 0.8485645165068438)	(34.0, 1.6971290330136877)	(35.0, 3.401972288904711)	(36.0, 0.8485645165068438)	(37.0, 1.683402657787113)	(38.0, 0.0)	(39.0, 7.378778605120509)	(40.0, 0.0)	(41.0, 0.0)	(42.0, 0.0)	(43.0, 0.0)	(44.0, 4.45496371166093)	(45.0, 7.424939519434884)	(46.0, 3.3193847263355956)	(47.0, 0.0)	(48.0, 2.227481855830465)	(49.0, 7.743151213124951)	(50.0, 5.183957773569083)	(51.0, 1.6199868042403385)	(52.0, 2.227481855830465)	(53.0, 0.0)	(54.0, 0.14727152765821258)	(55.0, 4.520719633604266)	(56.0, 8.593768708300765)	(57.0, 5.533366692130724)	(58.0, 3.6811748963109228)	(59.0, 0.29444649015502056)	(60.0, 0.0)	(61.0, 1.6199868042403385)	(62.0, 0.0)	(63.0, 0.0)	(64.0, 0.0)	(65.0, 0.0)	(66.0, 3.5639709693287447)	(67.0, 0.0)	(68.0, 0.0)	(69.0, 0.0)	(70.0, 0.0)	(71.0, 0.0)	(72.0, 0.0)	(73.0, 0.0)	(74.0, 0.0)	(75.0, 0.0)	(76.0, 0.0)	(77.0, 0.0)	(78.0, 0.0)	(79.0, 0.0)	(80.0, 0.0)	(81.0, 0.0)	(82.0, 0.0)	(83.0, 0.0)	(84.0, 0.0)	(85.0, 0.0)	(86.0, 0.0)	(87.0, 0.0)	(88.0, 0.0)	(89.0, 0.0)	(90.0, 0.0)	(91.0, 0.0)	(92.0, 0.0)	(93.0, 0.0)	(94.0, 0.0)	(95.0, 0.0)	(96.0, 0.0)	(97.0, 0.0)	(98.0, 0.0)	(99.0, 0.0)	(100.0, 0.0)
minknow_barcode08	(0.0, 0.0)	(1.0, 0.0)	(2.0, 0.0)	(3.0, 0.0)	(4.0, 0.0)	(5.0, 0.0)	(6.0, 0.0)	(7.0, 0.0)	(8.0, 0.0)	(9.0, 0.0)	(10.0, 0.0)	(11.0, 0.0)	(12.0, 0.0)	(13.0, 0.0)	(14.0, 0.0)	(15.0, 0.0)	(16.0, 0.0)	(17.0, 0.0)	(18.0, 0.0)	(19.0, 0.0)	(20.0, 0.0)	(21.0, 0.0)	(22.0, 0.0)	(23.0, 0.0)	(24.0, 0.0)	(25.0, 0.0)	(26.0, 0.9288212667094937)	(27.0, 0.9288212667094937)	(28.0, 2.919152552515551)	(29.0, 2.3883975429672692)	(30.0, 2.043406786760886)	(31.0, 0.9288212667094937)	(32.0, 1.4595762762577755)	(33.0, 0.0)	(34.0, 4.837610764111947)	(35.0, 3.134771775144541)	(36.0, 1.5718513744314506)	(37.0, 5.969974793982032)	(38.0, 2.8595139519802872)	(39.0, 0.0)	(40.0, 0.393041577898307)	(41.0, 0.3295817398001429)	(42.0, 0.0)	(43.0, 0.0)	(44.0, 4.334499244644303)	(45.0, 0.9288212667094937)	(46.0, 2.967805095057477)	(47.0, 2.4812796696382184)	(48.0, 0.1439018863916117)	(49.0, 4.398123419550581)	(50.0, 2.043406786760886)	(51.0, 2.372988526561029)	(52.0, 2.201013239872469)	(53.0, 4.092537402056116)	(54.0, 5.890941602669513)	(55.0, 0.9964837430923045)	(56.0, 4.2042163697848345)	(57.0, 5.766432030821439)	(58.0, 3.9216897927734182)	(59.0, 8.449693467982199)	(60.0, 5.108516966902215)	(61.0, 0.09204535075499487)	(62.0, 0.0)	(63.0, 1.4595762762577755)	(64.0, 0.0)	(65.0, 1.8576425334189874)	(66.0, 0.0)	(67.0, 0.4865254254192586)	(68.0, 2.5542584834511075)	(69.0, 2.5542584834511075)	(70.0, 0.0)	(71.0, 0.0)	(72.0, 0.0)	(73.0, 0.0)	(74.0, 0.0)	(75.0, 0.0)	(76.0, 0.0)	(77.0, 0.0)	(78.0, 0.0)	(79.0, 0.0)	(80.0, 0.0)	(81.0, 0.0)	(82.0, 0.0)	(83.0, 0.0)	(84.0, 0.0)	(85.0, 0.0)	(86.0, 0.0)	(87.0, 0.0)	(88.0, 0.0)	(89.0, 0.0)	(90.0, 0.0)	(91.0, 0.0)	(92.0, 0.0)	(93.0, 0.0)	(94.0, 0.0)	(95.0, 0.0)	(96.0, 0.0)	(97.0, 0.0)	(98.0, 0.0)	(99.0, 0.0)	(100.0, 0.0)
minknow_barcode09	(0.0, 0.0)	(1.0, 0.0)	(2.0, 0.0)	(3.0, 0.0)	(4.0, 0.0)	(5.0, 0.0)	(6.0, 0.0)	(7.0, 0.0)	(8.0, 0.0)	(9.0, 0.0017626647084522744)	(10.0, 0.011457320604939782)	(11.0, 0.009694655896487507)	(12.0, 0.0)	(13.0, 0.0017626647084522744)	(14.0, 0.0)	(15.0, 0.0)	(16.0, 0.010556403087286396)	(17.0, 0.01856673492903062)	(18.0, 0.02262086375847085)	(19.0, 0.03231551965495836)	(20.0, 0.08967556704250945)	(21.0, 0.13550275105190138)	(22.0, 0.19742208007858075)	(23.0, 0.23695179919467624)	(24.0, 0.2654594035032797)	(25.0, 0.38617282904974753)	(26.0, 0.4040566786176735)	(27.0, 0.6507123622017423)	(28.0, 0.9436003722642892)	(29.0, 1.18294093624502)	(30.0, 1.2737010436591185)	(31.0, 1.5650056389079439)	(32.0, 1.9712043174802518)	(33.0, 2.271681235804919)	(34.0, 2.58753811055211)	(35.0, 2.731325550873321)	(36.0, 2.5582299412187854)	(37.0, 3.066087202015267)	(38.0, 3.3614412361192407)	(39.0, 3.1898405482602485)	(40.0, 2.961876386672797)	(41.0, 2.910400825276217)	(42.0, 3.035687119769176)	(43.0, 2.991697194284073)	(44.0, 3.0508203685109856)	(45.0, 2.9204671195249)	(46.0, 2.898880587192303)	(47.0, 3.1191125071260686)	(48.0, 3.3602971812540425)	(49.0, 3.215928434035134)	(50.0, 3.093087582562774)	(51.0, 3.383180567225298)	(52.0, 3.3116838429758917)	(53.0, 3.495881791795462)	(54.0, 3.519735318325681)	(55.0, 3.1969943832834073)	(56.0, 3.071949047104122)	(57.0, 2.72960383948085)	(58.0, 2.3828665976598185)	(59.0, 2.2825839367408207)	(60.0, 1.7948012434125384)	(61.0, 1.4266313329522482)	(62.0, 1.3601324091588831)	(63.0, 1.1145041505341127)	(64.0, 0.875485048755357)	(65.0, 0.808958378115055)	(66.0, 0.6894451061480441)	(67.0, 0.5068652368808888)	(68.0, 0.41148302004753895)	(69.0, 0.2687844836791947)	(70.0, 0.15531550937613142)	(71.0, 0.14172663620103165)	(72.0, 0.11776908503865113)	(73.0, 0.04792769278696423)	(74.0, 0.055891160130507524)	(75.0, 0.03185386937417324)	(76.0, 0.019389311792975015)	(77.0, 0.009694655896487507)	(78.0, 0.014541983844731262)	(79.0, 0.0)	(80.0, 0.009694655896487507)	(81.0, 0.009694655896487507)	(82.0, 0.0)	(83.0, 0.009694655896487507)	(84.0, 0.009694655896487507)	(85.0, 0.0)	(86.0, 0.0)	(87.0, 0.0)	(88.0, 0.0)	(89.0, 0.0)	(90.0, 0.0)	(91.0, 0.0)	(92.0, 0.0)	(93.0, 0.0)	(94.0, 0.0)	(95.0, 0.0)	(96.0, 0.0)	(97.0, 0.0)	(98.0, 0.0)	(99.0, 0.0)	(100.0, 0.0)
minknow_barcode10	(0.0, 0.0)	(1.0, 0.0)	(2.0, 0.0)	(3.0, 0.0)	(4.0, 0.0)	(5.0, 0.00231046887422361)	(6.0, 0.008086641059782636)	(7.0, 0.008086641059782636)	(8.0, 0.005391094039855091)	(9.0, 0.0)	(10.0, 0.0)	(11.0, 0.012129961589673955)	(12.0, 0.01132129748369569)	(13.0, 0.006534659442248596)	(14.0, 0.017521055629529044)	(15.0, 0.020339127513998755)	(16.0, 0.019407938543478324)	(17.0, 0.026146806093297188)	(18.0, 0.025056334798871954)	(19.0, 0.0682165935114521)	(20.0, 0.11498433430719501)	(21.0, 0.0896461923198761)	(22.0, 0.1083351566853267)	(23.0, 0.18313584534692187)	(24.0, 0.18246427696053288)	(25.0, 0.22970411725559714)	(26.0, 0.31943038546845715)	(27.0, 0.38513567087565237)	(28.0, 0.5914955967379376)	(29.0, 0.7671432599658692)	(30.0, 0.8782263547661553)	(31.0, 1.0889040389607645)	(32.0, 1.3741322223737595)	(33.0, 1.5289551505429306)	(34.0, 1.7493412505271453)	(35.0, 2.113162327582375)	(36.0, 2.4087783105519938)	(37.0, 2.4505362600345286)	(38.0, 2.5099812822310206)	(39.0, 2.7489165925082304)	(40.0, 2.6843960591558265)	(41.0, 2.8672975292863874)	(42.0, 2.82947062938292)	(43.0, 3.0337593722288667)	(44.0, 3.10132704034879)	(45.0, 3.178050218743047)	(46.0, 3.3425189056531366)	(47.0, 3.5401819653024913)	(48.0, 3.412122418283177)	(49.0, 3.673874023683262)	(50.0, 3.6784744608293964)	(51.0, 3.6592782702290694)	(52.0, 3.5705285999777834)	(53.0, 3.666939429712884)	(54.0, 3.6935255364354407)	(55.0, 3.322306902165944)	(56.0, 3.003047736248483)	(57.0, 3.019974002123998)	(58.0, 2.700957263599761)	(59.0, 2.2892327406209825)	(60.0, 2.189272478524092)	(61.0, 2.056704109302044)	(62.0, 1.821552061745713)	(63.0, 1.506867553385862)	(64.0, 1.3789346707982122)	(65.0, 1.2053596209357933)	(66.0, 0.9814094025116351)	(67.0, 0.7338163433407431)	(68.0, 0.5300345027513792)	(69.0, 0.4399096962590568)	(70.0, 0.3256565737636305)	(71.0, 0.1773602963224348)	(72.0, 0.11552514400398911)	(73.0, 0.09205584798920524)	(74.0, 0.05731538127761524)	(75.0, 0.022636760450032236)	(76.0, 0.012900117881081826)	(77.0, 0.012129961589673955)	(78.0, 0.014948033474143661)	(79.0, 0.005391094039855091)	(80.0, 0.0)	(81.0, 0.0)	(82.0, 0.0)	(83.0, 0.0)	(84.0, 0.0)	(85.0, 0.0)	(86.0, 0.0)	(87.0, 0.0)	(88.0, 0.0)	(89.0, 0.0)	(90.0, 0.0)	(91.0, 0.0)	(92.0, 0.0)	(93.0, 0.0)	(94.0, 0.0)	(95.0, 0.0)	(96.0, 0.0)	(97.0, 0.0)	(98.0, 0.0)	(99.0, 0.0)	(100.0, 0.0)
minknow_barcode11	(0.0, 0.0)	(1.0, 0.0)	(2.0, 0.0)	(3.0, 0.0)	(4.0, 0.0)	(5.0, 0.001175606621256263)	(6.0, 0.001175606621256263)	(7.0, 0.0)	(8.0, 0.0)	(9.0, 0.0)	(10.0, 0.0)	(11.0, 0.0)	(12.0, 0.0009618599628460334)	(13.0, 0.0009618599628460334)	(14.0, 0.00201990592197667)	(15.0, 0.007053639727537577)	(16.0, 0.009499659955635285)	(17.0, 0.020775030126089982)	(18.0, 0.016340932035462052)	(19.0, 0.023886189077343162)	(20.0, 0.032951719227167026)	(21.0, 0.01741008425606845)	(22.0, 0.0456416023798494)	(23.0, 0.060215687123684726)	(24.0, 0.0985125107607888)	(25.0, 0.1272914060880967)	(26.0, 0.1617189013832867)	(27.0, 0.2411221345904584)	(28.0, 0.35417711188745477)	(29.0, 0.48035913648811646)	(30.0, 0.5982454582708763)	(31.0, 0.7749625688240124)	(32.0, 0.9045800422707618)	(33.0, 1.0776663642771849)	(34.0, 1.3472709598904578)	(35.0, 1.4568933554977703)	(36.0, 1.678682616485164)	(37.0, 1.8400446765702585)	(38.0, 2.0206169106011522)	(39.0, 1.9929646007795447)	(40.0, 1.9849839852203173)	(41.0, 2.104968003821532)	(42.0, 2.259536597044382)	(43.0, 2.290629427197124)	(44.0, 2.3098525240014594)	(45.0, 2.5380595403583937)	(46.0, 2.755978993719539)	(47.0, 2.8684968045869272)	(48.0, 3.168916375814738)	(49.0, 3.392841716497988)	(50.0, 3.6023686521998264)	(51.0, 3.7959049607418756)	(52.0, 3.909683518735321)	(53.0, 4.172667642770929)	(54.0, 4.133171565932106)	(55.0, 3.934527695921719)	(56.0, 3.6008066232130385)	(57.0, 3.436038978671685)	(58.0, 3.330255869595368)	(59.0, 3.1656173388112387)	(60.0, 3.2625958848688725)	(61.0, 3.1757197806794055)	(62.0, 3.0612878481664585)	(63.0, 2.6218114301403443)	(64.0, 2.196663439749448)	(65.0, 1.7636992634280595)	(66.0, 1.555735425825463)	(67.0, 1.1726013998292175)	(68.0, 0.8873450449029128)	(69.0, 0.6851521321301784)	(70.0, 0.42902052173184835)	(71.0, 0.31315149512554774)	(72.0, 0.2852406962386869)	(73.0, 0.15802147198320093)	(74.0, 0.08285611455602788)	(75.0, 0.06729669345871755)	(76.0, 0.05078277082411754)	(77.0, 0.04189358166748211)	(78.0, 0.01739897799459269)	(79.0, 0.012424024520094596)	(80.0, 0.0052902297956531836)	(81.0, 0.0)	(82.0, 0.0)	(83.0, 0.0)	(84.0, 0.0035268198637687883)	(85.0, 0.0)	(86.0, 0.0)	(87.0, 0.0)	(88.0, 0.0)	(89.0, 0.0)	(90.0, 0.0)	(91.0, 0.0)	(92.0, 0.0)	(93.0, 0.0)	(94.0, 0.0)	(95.0, 0.0)	(96.0, 0.0)	(97.0, 0.0)	(98.0, 0.0)	(99.0, 0.0)	(100.0, 0.0)
minknow_barcode12	(0.0, 0.0)	(1.0, 0.0)	(2.0, 0.0)	(3.0, 0.0)	(4.0, 0.0)	(5.0, 0.0)	(6.0, 0.0)	(7.0, 0.0)	(8.0, 0.0)	(9.0, 0.0)	(10.0, 0.0)	(11.0, 0.0)	(12.0, 0.0)	(13.0, 0.0)	(14.0, 0.0)	(15.0, 0.0)	(16.0, 0.0)	(17.0, 0.0)	(18.0, 0.0)	(19.0, 0.0)	(20.0, 0.0)	(21.0, 0.0)	(22.0, 0.0)	(23.0, 0.0)	(24.0, 0.09178274681835036)	(25.0, 0.0)	(26.0, 0.0)	(27.0, 0.0)	(28.0, 0.0)	(29.0, 0.08030990346605656)	(30.0, 0.03059424893945012)	(31.0, 0.0)	(32.0, 0.0)	(33.0, 0.007060211293719258)	(34.0, 0.28911565247780363)	(35.0, 0.25977298644951285)	(36.0, 0.0)	(37.0, 0.2119609174500885)	(38.0, 0.3283782719500979)	(39.0, 0.3212396138642262)	(40.0, 0.7138658085871694)	(41.0, 1.606198069321131)	(42.0, 3.5336357525064885)	(43.0, 5.675233178267997)	(44.0, 21.795621074000078)	(45.0, 37.263795208250244)	(46.0, 20.409423467507175)	(47.0, 2.0345175544734326)	(48.0, 1.6704459920939767)	(49.0, 1.284958455456905)	(50.0, 0.5782313049556073)	(51.0, 0.2401461991448423)	(52.0, 0.25240255375046344)	(53.0, 0.19988242640440745)	(54.0, 0.12849584554569052)	(55.0, 0.12849584554569052)	(56.0, 0.058407202520768406)	(57.0, 0.07938717327102225)	(58.0, 0.10788181661202231)	(59.0, 0.002286402945652856)	(60.0, 0.03059424893945012)	(61.0, 0.06118849787890024)	(62.0, 0.12849584554569052)	(63.0, 0.10707987128807542)	(64.0, 0.0)	(65.0, 0.12849584554569052)	(66.0, 0.0)	(67.0, 0.0)	(68.0, 0.0)	(69.0, 0.1606198069321131)	(70.0, 0.0)	(71.0, 0.0)	(72.0, 0.0)	(73.0, 0.0)	(74.0, 0.0)	(75.0, 0.0)	(76.0, 0.0)	(77.0, 0.0)	(78.0, 0.0)	(79.0, 0.0)	(80.0, 0.0)	(81.0, 0.0)	(82.0, 0.0)	(83.0, 0.0)	(84.0, 0.0)	(85.0, 0.0)	(86.0, 0.0)	(87.0, 0.0)	(88.0, 0.0)	(89.0, 0.0)	(90.0, 0.0)	(91.0, 0.0)	(92.0, 0.0)	(93.0, 0.0)	(94.0, 0.0)	(95.0, 0.0)	(96.0, 0.0)	(97.0, 0.0)	(98.0, 0.0)	(99.0, 0.0)	(100.0, 0.0)
minknow_barcode13	(0.0, 0.0)	(1.0, 0.0)	(2.0, 0.0)	(3.0, 0.0)	(4.0, 0.0)	(5.0, 0.0)	(6.0, 0.0)	(7.0, 0.0)	(8.0, 0.0)	(9.0, 0.0)	(10.0, 0.0)	(11.0, 0.0)	(12.0, 0.0)	(13.0, 0.0)	(14.0, 0.0)	(15.0, 0.0)	(16.0, 0.0)	(17.0, 0.0)	(18.0, 0.0)	(19.0, 0.0)	(20.0, 0.0)	(21.0, 0.0)	(22.0, 0.0)	(23.0, 0.0)	(24.0, 4.847173927579101)	(25.0, 0.0)	(26.0, 0.0)	(27.0, 0.0)	(28.0, 0.0)	(29.0, 0.0)	(30.0, 6.563619067301916)	(31.0, 5.640347843001136)	(32.0, 0.0)	(33.0, 2.0868748817974145)	(34.0, 2.1542995233684894)	(35.0, 2.1542995233684894)	(36.0, 4.847173927579101)	(37.0, 7.402956543938992)	(38.0, 8.871797128053872)	(39.0, 0.6254417971069808)	(40.0, 6.442050510201904)	(41.0, 0.21306259022325721)	(42.0, 0.23936661370760992)	(43.0, 0.0)	(44.0, 0.0)	(45.0, 5.80058499763185)	(46.0, 9.648184293943164)	(47.0, 1.005612301230832)	(48.0, 0.6254417971069808)	(49.0, 0.0)	(50.0, 0.0)	(51.0, 0.6254417971069808)	(52.0, 2.6858799252386363)	(53.0, 4.801010366364062)	(54.0, 0.16008761583627537)	(55.0, 0.9232712243007812)	(56.0, 0.0)	(57.0, 3.346858188090332)	(58.0, 4.708683243933985)	(59.0, 6.001262957955078)	(60.0, 1.9388695710316408)	(61.0, 0.0)	(62.0, 1.7626087009378553)	(63.0, 0.0)	(64.0, 3.8777391420632816)	(65.0, 0.0)	(66.0, 0.0)	(67.0, 0.0)	(68.0, 0.0)	(69.0, 0.0)	(70.0, 0.0)	(71.0, 0.0)	(72.0, 0.0)	(73.0, 0.0)	(74.0, 0.0)	(75.0, 0.0)	(76.0, 0.0)	(77.0, 0.0)	(78.0, 0.0)	(79.0, 0.0)	(80.0, 0.0)	(81.0, 0.0)	(82.0, 0.0)	(83.0, 0.0)	(84.0, 0.0)	(85.0, 0.0)	(86.0, 0.0)	(87.0, 0.0)	(88.0, 0.0)	(89.0, 0.0)	(90.0, 0.0)	(91.0, 0.0)	(92.0, 0.0)	(93.0, 0.0)	(94.0, 0.0)	(95.0, 0.0)	(96.0, 0.0)	(97.0, 0.0)	(98.0, 0.0)	(99.0, 0.0)	(100.0, 0.0)
minknow_barcode14	(0.0, 0.0)	(1.0, 0.0)	(2.0, 0.0)	(3.0, 0.0)	(4.0, 0.0)	(5.0, 0.0)	(6.0, 0.0)	(7.0, 0.0)	(8.0, 0.0)	(9.0, 0.0)	(10.0, 0.0)	(11.0, 0.0)	(12.0, 0.031013138242341934)	(13.0, 0.031013138242341934)	(14.0, 0.0)	(15.0, 0.0)	(16.0, 0.06202627648468387)	(17.0, 0.06202627648468387)	(18.0, 0.0)	(19.0, 0.0)	(20.0, 0.0)	(21.0, 0.13022128647768055)	(22.0, 0.11988357373023326)	(23.0, 0.24166081747279428)	(24.0, 0.5547458321097699)	(25.0, 0.523732693867428)	(26.0, 0.27090177638700236)	(27.0, 0.5603040309116443)	(28.0, 1.007882240872877)	(29.0, 1.269692779426086)	(30.0, 1.3303383249874092)	(31.0, 1.8909297632087225)	(32.0, 2.220443976080173)	(33.0, 1.837011991826297)	(34.0, 2.1780841131249877)	(35.0, 2.4724710218815917)	(36.0, 2.975801680765177)	(37.0, 3.8188335054089597)	(38.0, 3.760861452617569)	(39.0, 3.327625337603693)	(40.0, 2.8761819852417863)	(41.0, 3.25535979766209)	(42.0, 3.3600053844836006)	(43.0, 3.0213459664501277)	(44.0, 2.3922986880561194)	(45.0, 2.6455961540160864)	(46.0, 2.867725678699163)	(47.0, 3.4086322242212357)	(48.0, 3.5541868708738376)	(49.0, 3.3512359232902593)	(50.0, 2.7480312787930137)	(51.0, 2.1602639990230528)	(52.0, 2.2925655012909227)	(53.0, 2.843520102621302)	(54.0, 3.206038007749956)	(55.0, 3.048591512758596)	(56.0, 2.5484543475221546)	(57.0, 2.7736913235615726)	(58.0, 3.0272337270667427)	(59.0, 1.7515438924329072)	(60.0, 1.5727736316068337)	(61.0, 1.7718371149716325)	(62.0, 1.415512198202364)	(63.0, 1.2278321600059459)	(64.0, 1.3490312367389619)	(65.0, 1.2579743357552777)	(66.0, 1.2125480083645863)	(67.0, 0.6487796074764329)	(68.0, 0.48955300472571256)	(69.0, 0.2759766535539311)	(70.0, 0.2954706261634032)	(71.0, 0.3259476065347212)	(72.0, 0.15477032799035403)	(73.0, 0.06793354091179662)	(74.0, 0.0)	(75.0, 0.0)	(76.0, 0.0)	(77.0, 0.0)	(78.0, 0.0)	(79.0, 0.0)	(80.0, 0.0)	(81.0, 0.06202627648468387)	(82.0, 0.06202627648468387)	(83.0, 0.0)	(84.0, 0.0)	(85.0, 0.0)	(86.0, 0.0)	(87.0, 0.0)	(88.0, 0.0)	(89.0, 0.0)	(90.0, 0.0)	(91.0, 0.0)	(92.0, 0.0)	(93.0, 0.0)	(94.0, 0.0)	(95.0, 0.0)	(96.0, 0.0)	(97.0, 0.0)	(98.0, 0.0)	(99.0, 0.0)	(100.0, 0.0)
minknow_barcode15	(0.0, 0.0)	(1.0, 0.0)	(2.0, 0.0)	(3.0, 0.0)	(4.0, 0.0)	(5.0, 0.0)	(6.0, 0.0)	(7.0, 0.0)	(8.0, 0.0)	(9.0, 0.0)	(10.0, 0.01690001409846709)	(11.0, 0.014979557950914012)	(12.0, 0.014979557950914012)	(13.0, 0.026096255536464122)	(14.0, 0.017597068552023393)	(15.0, 0.0295750246723174)	(16.0, 0.025350021147700637)	(17.0, 0.03802503172155096)	(18.0, 0.041203843897215)	(19.0, 0.023731350966191618)	(20.0, 0.06260787413295556)	(21.0, 0.15075955481442405)	(22.0, 0.22854634709743923)	(23.0, 0.2938577391154591)	(24.0, 0.34512387627260865)	(25.0, 0.35631454269872637)	(26.0, 0.4947586976925446)	(27.0, 0.8262834934532965)	(28.0, 1.065949272555414)	(29.0, 1.131563596239703)	(30.0, 1.4352599835991509)	(31.0, 1.671101734531675)	(32.0, 1.7188174123840507)	(33.0, 2.0763656251612495)	(34.0, 2.5324198952560346)	(35.0, 2.535425856156566)	(36.0, 2.5382530914617547)	(37.0, 2.8416120719593096)	(38.0, 3.0010125669630945)	(39.0, 2.963235175566745)	(40.0, 3.0258884422934216)	(41.0, 3.053201664359596)	(42.0, 2.919057256495381)	(43.0, 2.6932392970744132)	(44.0, 2.7237649622794824)	(45.0, 2.8142356195645686)	(46.0, 2.7299804282981217)	(47.0, 2.659912943068146)	(48.0, 2.8804502590667935)	(49.0, 2.8257511626314966)	(50.0, 2.926331179998008)	(51.0, 3.2392332892586753)	(52.0, 3.2179020941509697)	(53.0, 3.225538752934138)	(54.0, 3.1755944280125203)	(55.0, 2.885485889566106)	(56.0, 2.767744098631877)	(57.0, 2.711695775641376)	(58.0, 2.452620389625524)	(59.0, 2.1865689417096594)	(60.0, 2.0505991223657722)	(61.0, 1.9959055943471704)	(62.0, 1.8188878166516973)	(63.0, 1.6546247537460794)	(64.0, 1.491362007428869)	(65.0, 1.434424561499726)	(66.0, 1.0793049561408865)	(67.0, 0.5955049300844617)	(68.0, 0.5527003067109573)	(69.0, 0.4878505995335463)	(70.0, 0.3995719162050799)	(71.0, 0.2512309885795904)	(72.0, 0.1168734741225159)	(73.0, 0.1063750697356902)	(74.0, 0.1176663481605771)	(75.0, 0.07729835993901141)	(76.0, 0.01388215443802654)	(77.0, 0.046475038770784495)	(78.0, 0.03802503172155096)	(79.0, 0.02112501762308386)	(80.0, 0.008450007049233545)	(81.0, 0.0)	(82.0, 0.0)	(83.0, 0.006337505286925159)	(84.0, 0.0)	(85.0, 0.0)	(86.0, 0.0)	(87.0, 0.0)	(88.0, 0.003621431592528662)	(89.0, 0.0)	(90.0, 0.0)	(91.0, 0.0)	(92.0, 0.0)	(93.0, 0.0)	(94.0, 0.0)	(95.0, 0.0)	(96.0, 0.0)	(97.0, 0.0)	(98.0, 0.0)	(99.0, 0.0)	(100.0, 0.0)
minknow_barcode16	(0.0, 0.0)	(1.0, 0.0)	(2.0, 0.0)	(3.0, 0.0)	(4.0, 0.0)	(5.0, 0.0)	(6.0, 0.0)	(7.0, 0.0)	(8.0, 0.0)	(9.0, 0.0)	(10.0, 0.0)	(11.0, 0.0)	(12.0, 0.0)	(13.0, 0.0)	(14.0, 0.0)	(15.0, 0.0)	(16.0, 0.0)	(17.0, 0.0)	(18.0, 0.0)	(19.0, 0.0)	(20.0, 0.0)	(21.0, 0.0)	(22.0, 0.0)	(23.0, 0.0)	(24.0, 0.0)	(25.0, 0.0)	(26.0, 0.0)	(27.0, 0.0)	(28.0, 0.0)	(29.0, 0.0)	(30.0, 2.4920920883939885)	(31.0, 0.0)	(32.0, 0.0)	(33.0, 0.0)	(34.0, 2.4920920883939885)	(35.0, 0.0)	(36.0, 6.803009450978751)	(37.0, 5.453126236432007)	(38.0, 0.0)	(39.0, 0.0)	(40.0, 0.8842907410430281)	(41.0, 0.0)	(42.0, 0.0)	(43.0, 2.6107631402222733)	(44.0, 0.0)	(45.0, 3.4266266215417343)	(46.0, 12.335855837550243)	(47.0, 1.3053815701111366)	(48.0, 0.0)	(49.0, 0.0)	(50.0, 0.0)	(51.0, 1.3053815701111366)	(52.0, 1.3053815701111366)	(53.0, 3.625592038276416)	(54.0, 5.233393385627376)	(55.0, 2.5749108587031544)	(56.0, 9.137670990777957)	(57.0, 12.564297612319692)	(58.0, 0.0)	(59.0, 10.737895532418722)	(60.0, 12.335855837550243)	(61.0, 0.8842907410430281)	(62.0, 2.4920920883939885)	(63.0, 0.0)	(64.0, 0.0)	(65.0, 0.0)	(66.0, 0.0)	(67.0, 0.0)	(68.0, 0.0)	(69.0, 0.0)	(70.0, 0.0)	(71.0, 0.0)	(72.0, 0.0)	(73.0, 0.0)	(74.0, 0.0)	(75.0, 0.0)	(76.0, 0.0)	(77.0, 0.0)	(78.0, 0.0)	(79.0, 0.0)	(80.0, 0.0)	(81.0, 0.0)	(82.0, 0.0)	(83.0, 0.0)	(84.0, 0.0)	(85.0, 0.0)	(86.0, 0.0)	(87.0, 0.0)	(88.0, 0.0)	(89.0, 0.0)	(90.0, 0.0)	(91.0, 0.0)	(92.0, 0.0)	(93.0, 0.0)	(94.0, 0.0)	(95.0, 0.0)	(96.0, 0.0)	(97.0, 0.0)	(98.0, 0.0)	(99.0, 0.0)	(100.0, 0.0)
minknow_barcode17	(0.0, 0.0005931234008460443)	(1.0, 0.000490674813427182)	(2.0, 0.0008764065952263365)	(3.0, 0.0010042783564537653)	(4.0, 0.0014606608611064586)	(5.0, 0.002514139399975348)	(6.0, 0.004089075987363156)	(7.0, 0.007222339853760048)	(8.0, 0.010455349518889956)	(9.0, 0.016436396822315263)	(10.0, 0.023827997733810346)	(11.0, 0.04060259751711783)	(12.0, 0.06235769016785469)	(13.0, 0.08946688268943684)	(14.0, 0.12519486318624684)	(15.0, 0.17108747569989174)	(16.0, 0.23153802995542822)	(17.0, 0.3058641291013635)	(18.0, 0.3881180315718365)	(19.0, 0.4779415807103015)	(20.0, 0.5820021858772834)	(21.0, 0.7234757251184528)	(22.0, 0.8760661280975188)	(23.0, 1.045326802641271)	(24.0, 1.229300223186935)	(25.0, 1.4318456993038489)	(26.0, 1.651115833493709)	(27.0, 1.8789065821899578)	(28.0, 2.0996577924878386)	(29.0, 2.3850007167857545)	(30.0, 2.6532838733133057)	(31.0, 2.9279132375787698)	(32.0, 3.2262409296045464)	(33.0, 3.4815171198134163)	(34.0, 3.666092625082191)	(35.0, 3.7872440063615924)	(36.0, 3.8376437438247457)	(37.0, 3.8209210137384972)	(38.0, 3.7007321218316966)	(39.0, 3.5494524599674113)	(40.0, 3.3618435218873173)	(41.0, 3.1775859205854906)	(42.0, 3.0325377424195903)	(43.0, 2.83414372981507)	(44.0, 2.632590924464783)	(45.0, 2.4745502558536407)	(46.0, 2.3599360517888854)	(47.0, 2.297463996485463)	(48.0, 2.223786418190557)	(49.0, 2.145388566432063)	(50.0, 2.084773234710617)	(51.0, 1.9760376018597898)	(52.0, 1.8655552082230527)	(53.0, 1.7760729541925289)	(54.0, 1.6541295141367156)	(55.0, 1.5464455187340524)	(56.0, 1.4234735949562116)	(57.0, 1.3156651335844705)	(58.0, 1.2109526909279367)	(59.0, 1.1127910955147124)	(60.0, 1.0074197117828432)	(61.0, 0.8994316448200933)	(62.0, 0.7842499198652639)	(63.0, 0.6949175977934299)	(64.0, 0.6069058714156731)	(65.0, 0.5261783044378606)	(66.0, 0.45687622175049086)	(67.0, 0.39382600134354817)	(68.0, 0.32397577744860157)	(69.0, 0.2738243048312292)	(70.0, 0.2279378883978779)	(71.0, 0.17642810879586537)	(72.0, 0.14398151533900125)	(73.0, 0.11461406298126912)	(74.0, 0.08962333306351224)	(75.0, 0.06748738930437581)	(76.0, 0.04752955197628851)	(77.0, 0.03707180156525608)	(78.0, 0.027555187763971905)	(79.0, 0.01875639791288028)	(80.0, 0.01468890847236296)	(81.0, 0.012070993474244673)	(82.0, 0.009555846218023193)	(83.0, 0.00600820902925843)	(84.0, 0.0041614888330728265)	(85.0, 0.003495119479539467)	(86.0, 0.0035987035308098127)	(87.0, 0.0023662717166389306)	(88.0, 0.0014517665297343833)	(89.0, 0.0008231665890246502)	(90.0, 0.0003104197238072755)	(91.0, 0.0002017728204747291)	(92.0, 0.0005320641099348189)	(93.0, 0.00046562958571091327)	(94.0, 0.0002793777514265479)	(95.0, 0.0001940123273795472)	(96.0, 7.760493095181887e-05)	(97.0, 5.820369821386416e-05)	(98.0, 0.000135808629165683)	(99.0, 0.00011640739642772832)	(100.0, 0.00021341356011750188)
minknow_barcode18	(0.0, 0.0008705285249944714)	(1.0, 0.0008589214779945451)	(2.0, 0.00104437043347064)	(3.0, 0.0017671729057387772)	(4.0, 0.002376015280189456)	(5.0, 0.0028170830661866544)	(6.0, 0.005423179161149542)	(7.0, 0.007081705584742904)	(8.0, 0.00947886227196794)	(9.0, 0.014594492372836977)	(10.0, 0.02102042492556241)	(11.0, 0.028833010180864517)	(12.0, 0.04174827438394371)	(13.0, 0.05850137844833112)	(14.0, 0.09048102649139736)	(15.0, 0.125119230883535)	(16.0, 0.1608523764543163)	(17.0, 0.21191214402244826)	(18.0, 0.27768598598906274)	(19.0, 0.3563798772078358)	(20.0, 0.44886347480718863)	(21.0, 0.5549647100857473)	(22.0, 0.6881889235384496)	(23.0, 0.8403165248323035)	(24.0, 0.986835432185907)	(25.0, 1.154536810717944)	(26.0, 1.3516349074103733)	(27.0, 1.5750079838259818)	(28.0, 1.8179088411702502)	(29.0, 2.103562887232845)	(30.0, 2.3522315214932297)	(31.0, 2.6273506041807906)	(32.0, 2.914263615548865)	(33.0, 3.2077411850803816)	(34.0, 3.4276580123530285)	(35.0, 3.6178317636989457)	(36.0, 3.7425523631986493)	(37.0, 3.8530958969013636)	(38.0, 3.8514264072715942)	(39.0, 3.8052602563879074)	(40.0, 3.682470542619593)	(41.0, 3.54282960403308)	(42.0, 3.4636284874013517)	(43.0, 3.1674735556811022)	(44.0, 2.9483790159527343)	(45.0, 2.8117122364127716)	(46.0, 2.7019590923479053)	(47.0, 2.638687951629841)	(48.0, 2.54280978250498)	(49.0, 2.4319585169742406)	(50.0, 2.262030138280821)	(51.0, 2.048674047123261)	(52.0, 1.9013500954627043)	(53.0, 1.7878314921299165)	(54.0, 1.6543477680641123)	(55.0, 1.546879923120469)	(56.0, 1.451900970016941)	(57.0, 1.3348812383067432)	(58.0, 1.2272999665242919)	(59.0, 1.1100465578448004)	(60.0, 0.9906656539215165)	(61.0, 0.8918355763939879)	(62.0, 0.7977098449001944)	(63.0, 0.7017525145931125)	(64.0, 0.6375871897691681)	(65.0, 0.5638951906009663)	(66.0, 0.48500904642609877)	(67.0, 0.4141956683548217)	(68.0, 0.34497831070800794)	(69.0, 0.2978144980378984)	(70.0, 0.25272272195965495)	(71.0, 0.19760213251902473)	(72.0, 0.16168181437175305)	(73.0, 0.14346594069582344)	(74.0, 0.11015221168172976)	(75.0, 0.08997453022732632)	(76.0, 0.07094004857464095)	(77.0, 0.058361392301019666)	(78.0, 0.042803683106048956)	(79.0, 0.02861775221832043)	(80.0, 0.02628612121948465)	(81.0, 0.022070021042530856)	(82.0, 0.013926559577295756)	(83.0, 0.012221843638747055)	(84.0, 0.01135446811028611)	(85.0, 0.007306636086453598)	(86.0, 0.004410677859971988)	(87.0, 0.0038535396039755276)	(88.0, 0.00367280130069096)	(89.0, 0.0036542852971434584)	(90.0, 0.0025478975573539485)	(91.0, 0.0012151598393266984)	(92.0, 0.0014922089968844624)	(93.0, 0.0014948469621117184)	(94.0, 0.0007016987504500891)	(95.0, 0.0005319896541632881)	(96.0, 0.0005900248891629195)	(97.0, 0.0008511834466612609)	(98.0, 0.0005223171149966829)	(99.0, 0.0006352220267232384)	(100.0, 0.001665611244489422)
minknow_barcode19	(0.0, 0.0)	(1.0, 0.0)	(2.0, 0.0)	(3.0, 0.0)	(4.0, 0.0)	(5.0, 0.0)	(6.0, 0.0)	(7.0, 0.0)	(8.0, 0.0)	(9.0, 0.0)	(10.0, 0.0)	(11.0, 0.0)	(12.0, 0.0)	(13.0, 0.0)	(14.0, 0.0)	(15.0, 0.0)	(16.0, 0.0)	(17.0, 0.0)	(18.0, 0.0)	(19.0, 0.0)	(20.0, 0.3786426318348003)	(21.0, 0.9466065795870007)	(22.0, 0.7951495268530805)	(23.0, 0.2271855791008802)	(24.0, 0.0)	(25.0, 0.18932131591740015)	(26.0, 0.2271855791008802)	(27.0, 0.0)	(28.0, 0.6220557523000292)	(29.0, 0.8113770682174292)	(30.0, 0.1135927895504401)	(31.0, 0.7099549346902505)	(32.0, 0.9466065795870007)	(33.0, 0.4063481902617368)	(34.0, 0.6989356784977189)	(35.0, 0.9213637374646807)	(36.0, 0.4327344363826289)	(37.0, 1.1548600270961409)	(38.0, 1.0006983841348294)	(39.0, 0.6829090324163363)	(40.0, 0.1032661723185819)	(41.0, 1.0877370150890626)	(42.0, 1.8071580155751832)	(43.0, 2.2718557910088015)	(44.0, 2.839819738761002)	(45.0, 4.165068950182802)	(46.0, 13.225446211944094)	(47.0, 24.42244975334462)	(48.0, 22.269859119098122)	(49.0, 9.692029947126258)	(50.0, 1.505104461543331)	(51.0, 0.7090943832542624)	(52.0, 0.5409180454782861)	(53.0, 0.03664283533885164)	(54.0, 0.6712301200707823)	(55.0, 0.8230740054080615)	(56.0, 0.5204094415080132)	(57.0, 0.44625738751958605)	(58.0, 0.30625506986638257)	(59.0, 0.11032162508568996)	(60.0, 0.0)	(61.0, 0.0)	(62.0, 0.0)	(63.0, 0.02227309599028237)	(64.0, 0.0)	(65.0, 0.02227309599028237)	(66.0, 0.0)	(67.0, 0.5679639477522004)	(68.0, 0.5679639477522004)	(69.0, 0.0)	(70.0, 0.0)	(71.0, 0.0)	(72.0, 0.0)	(73.0, 0.0)	(74.0, 0.0)	(75.0, 0.0)	(76.0, 0.0)	(77.0, 0.0)	(78.0, 0.0)	(79.0, 0.0)	(80.0, 0.0)	(81.0, 0.0)	(82.0, 0.0)	(83.0, 0.0)	(84.0, 0.0)	(85.0, 0.0)	(86.0, 0.0)	(87.0, 0.0)	(88.0, 0.0)	(89.0, 0.0)	(90.0, 0.0)	(91.0, 0.0)	(92.0, 0.0)	(93.0, 0.0)	(94.0, 0.0)	(95.0, 0.0)	(96.0, 0.0)	(97.0, 0.0)	(98.0, 0.0)	(99.0, 0.0)	(100.0, 0.0)
minknow_barcode20	(0.0, 0.0)	(1.0, 0.0)	(2.0, 0.0)	(3.0, 0.0)	(4.0, 0.0)	(5.0, 0.0)	(6.0, 0.0)	(7.0, 0.0)	(8.0, 0.0)	(9.0, 0.0)	(10.0, 0.0)	(11.0, 0.0)	(12.0, 0.0)	(13.0, 0.0)	(14.0, 0.0)	(15.0, 0.0)	(16.0, 0.0)	(17.0, 0.0)	(18.0, 0.0)	(19.0, 0.0)	(20.0, 0.0)	(21.0, 0.0)	(22.0, 0.0)	(23.0, 0.0)	(24.0, 0.00047230410963375834)	(25.0, 0.0012594776256900223)	(26.0, 0.0011020429224787695)	(27.0, 0.0029440289500504272)	(28.0, 0.005575096793111213)	(29.0, 0.0055173707352670865)	(30.0, 0.00848011291839061)	(31.0, 0.014547969451599477)	(32.0, 0.016194520330868475)	(33.0, 0.02004746930807135)	(34.0, 0.030997058137734085)	(35.0, 0.03830253429704993)	(36.0, 0.055337125219753994)	(37.0, 0.08866424269227995)	(38.0, 0.11311369835082909)	(39.0, 0.14267593561630576)	(40.0, 0.17820551282659117)	(41.0, 0.2274702953276088)	(42.0, 0.29226799981665386)	(43.0, 0.35786762897191304)	(44.0, 0.44362280565639095)	(45.0, 0.570324786619715)	(46.0, 0.7336814962856046)	(47.0, 0.9693736259812293)	(48.0, 1.2367232415396)	(49.0, 1.5827119860473995)	(50.0, 1.974293395197652)	(51.0, 2.4933769151212894)	(52.0, 3.1160459987803018)	(53.0, 3.89486045074317)	(54.0, 4.909534115784687)	(55.0, 6.150380898560687)	(56.0, 7.671936184984185)	(57.0, 9.259439541764007)	(58.0, 10.170841854303449)	(59.0, 10.104840710985382)	(60.0, 9.011027356716687)	(61.0, 7.455857622840132)	(62.0, 5.66607726308496)	(63.0, 3.943753720871685)	(64.0, 2.634615280409914)	(65.0, 1.7106391515958668)	(66.0, 1.0786044904833914)	(67.0, 0.6616367094387561)	(68.0, 0.39085564258564964)	(69.0, 0.23708666957971936)	(70.0, 0.1377215354986569)	(71.0, 0.08251385957239506)	(72.0, 0.048644123399935436)	(73.0, 0.02438711260228127)	(74.0, 0.01433483864869161)	(75.0, 0.00763558310574576)	(76.0, 0.004651479867605196)	(77.0, 0.0031486940642250555)	(78.0, 0.002361520548168792)	(79.0, 0.0009446082192675167)	(80.0, 0.00047230410963375834)	(81.0, 0.0)	(82.0, 0.0)	(83.0, 0.0)	(84.0, 0.0)	(85.0, 0.0)	(86.0, 0.0)	(87.0, 0.0)	(88.0, 0.0)	(89.0, 0.0)	(90.0, 0.0)	(91.0, 0.0)	(92.0, 0.0)	(93.0, 0.0)	(94.0, 0.0)	(95.0, 0.0)	(96.0, 0.0)	(97.0, 0.0)	(98.0, 0.0)	(99.0, 0.0)	(100.0, 0.0)
minknow_unclassified	(0.0, 0.0002637104569211895)	(1.0, 0.00014036201739353631)	(2.0, 0.0)	(3.0, 5.02305632230837e-05)	(4.0, 0.0001539452602416554)	(5.0, 0.00012276996560490441)	(6.0, 0.00026717332150702326)	(7.0, 0.0003423288990567129)	(8.0, 0.00040165423849973373)	(9.0, 0.0005315306871969948)	(10.0, 0.000837861015943831)	(11.0, 0.0009051395278971734)	(12.0, 0.0009994940026299948)	(13.0, 0.0025235313912526547)	(14.0, 0.003347859500599004)	(15.0, 0.004982894809277026)	(16.0, 0.008444960109689306)	(17.0, 0.012689706204983041)	(18.0, 0.022250578801425797)	(19.0, 0.03568687907719208)	(20.0, 0.057190640227199094)	(21.0, 0.08688004916676012)	(22.0, 0.12606801362628814)	(23.0, 0.1824687155808979)	(24.0, 0.2542318694706249)	(25.0, 0.3475549987172105)	(26.0, 0.4631818486698813)	(27.0, 0.6021237610405047)	(28.0, 0.7614511688451282)	(29.0, 0.9597083784861815)	(30.0, 1.1882051112012686)	(31.0, 1.4452743108349067)	(32.0, 1.747571023381041)	(33.0, 2.078293597451607)	(34.0, 2.4189011753333935)	(35.0, 2.7252971635888157)	(36.0, 3.0175749305932844)	(37.0, 3.2032579579376073)	(38.0, 3.31957521671356)	(39.0, 3.3731283762543076)	(40.0, 3.2910790070240705)	(41.0, 3.172064600961814)	(42.0, 3.039233718410462)	(43.0, 2.8768202010710233)	(44.0, 2.7629297424546615)	(45.0, 2.6961954953185883)	(46.0, 2.7620962928333377)	(47.0, 2.868909233835752)	(48.0, 2.9812320159480197)	(49.0, 3.09016377682507)	(50.0, 3.22140493885849)	(51.0, 3.3787939043288895)	(52.0, 3.5477651513232953)	(53.0, 3.7148913145330744)	(54.0, 3.8238293833124306)	(55.0, 3.8746266534636384)	(56.0, 3.880416952414165)	(57.0, 3.7256215613453763)	(58.0, 3.364797914434594)	(59.0, 2.756433819798891)	(60.0, 2.065587015005019)	(61.0, 1.4481860672755456)	(62.0, 0.9914856480404457)	(63.0, 0.6840944675469991)	(64.0, 0.47379145356011393)	(65.0, 0.3399872196833047)	(66.0, 0.2379294196149733)	(67.0, 0.15733513255217102)	(68.0, 0.10714956426971554)	(69.0, 0.07120691571168498)	(70.0, 0.04677818743944703)	(71.0, 0.03154309592311505)	(72.0, 0.021171084878290995)	(73.0, 0.012792950210003767)	(74.0, 0.008495839264587827)	(75.0, 0.005484419338098814)	(76.0, 0.0035367377659077134)	(77.0, 0.0019112290464097124)	(78.0, 0.0018966413764267625)	(79.0, 0.0016330070264195474)	(80.0, 0.0008254374903706127)	(81.0, 0.0008916400640309697)	(82.0, 0.00035226085133036804)	(83.0, 0.0004484219371369836)	(84.0, 0.00043963158857294397)	(85.0, 0.00022646563589498255)	(86.0, 0.0003673109935687996)	(87.0, 0.0006373002708928746)	(88.0, 0.00043512225391996256)	(89.0, 0.00011866970561453526)	(90.0, 0.00048786434530420045)	(91.0, 0.00019778284269089208)	(92.0, 0.0)	(93.0, 0.00013185522846059474)	(94.0, 0.00019350182877983383)	(95.0, 6.404396810943171e-05)	(96.0, 0.0)	(97.0, 0.0)	(98.0, 0.0)	(99.0, 0.0)	(100.0, 0.0)
