Sample	0	1	2	3	4	5	6	7	8	9	10	11	12	13	14	15	16	17	18	19	20	21	22	23	24	25	26	27	28	29	30	31	32	33	34	35	36	37	38	39	40	41	42	43	44	45	46	47	48	49
dorado_barcode01	(3.0, 1.0)	(4.0, 9.0)	(5.0, 10.0)	(6.0, 5.0)	(7.0, 17.0)	(8.0, 15.0)	(9.0, 26.0)	(10.0, 35.0)	(11.0, 28.0)	(12.0, 22.0)	(13.0, 16.0)	(14.0, 10.0)	(15.0, 17.0)	(16.0, 16.0)	(17.0, 13.0)	(18.0, 16.0)	(19.0, 25.0)	(20.0, 12.0)	(21.0, 28.0)	(22.0, 26.0)	(23.0, 36.0)	(24.0, 29.0)	(25.0, 39.0)	(26.0, 35.0)	(27.0, 37.0)	(28.0, 59.0)	(29.0, 68.0)	(30.0, 78.0)	(31.0, 93.0)	(32.0, 95.0)	(33.0, 112.0)	(34.0, 115.0)	(35.0, 147.0)	(36.0, 180.0)	(37.0, 196.0)	(38.0, 214.0)	(39.0, 211.0)	(40.0, 250.0)	(41.0, 270.0)	(42.0, 302.0)	(43.0, 302.0)	(44.0, 275.0)	(45.0, 196.0)	(46.0, 116.0)	(47.0, 40.0)	(48.0, 8.0)	(49.0, 3.0)			
dorado_barcode02	(1.0, 3.0)	(2.0, 18.0)	(3.0, 36.0)	(4.0, 188.0)	(5.0, 292.0)	(6.0, 352.0)	(7.0, 385.0)	(8.0, 496.0)	(9.0, 644.0)	(10.0, 752.0)	(11.0, 678.0)	(12.0, 594.0)	(13.0, 494.0)	(14.0, 411.0)	(15.0, 361.0)	(16.0, 361.0)	(17.0, 404.0)	(18.0, 460.0)	(19.0, 445.0)	(20.0, 484.0)	(21.0, 558.0)	(22.0, 610.0)	(23.0, 665.0)	(24.0, 744.0)	(25.0, 819.0)	(26.0, 1020.0)	(27.0, 1172.0)	(28.0, 1432.0)	(29.0, 1558.0)	(30.0, 1927.0)	(31.0, 2211.0)	(32.0, 2675.0)	(33.0, 3064.0)	(34.0, 3663.0)	(35.0, 4403.0)	(36.0, 4974.0)	(37.0, 5756.0)	(38.0, 6554.0)	(39.0, 7576.0)	(40.0, 8635.0)	(41.0, 9406.0)	(42.0, 9883.0)	(43.0, 9504.0)	(44.0, 8024.0)	(45.0, 5239.0)	(46.0, 2298.0)	(47.0, 627.0)	(48.0, 94.0)	(49.0, 30.0)	(50.0, 2.0)
dorado_barcode03	(4.0, 1.0)	(5.0, 2.0)	(6.0, 3.0)	(7.0, 2.0)	(8.0, 1.0)	(9.0, 3.0)	(10.0, 2.0)	(11.0, 4.0)	(12.0, 2.0)	(13.0, 3.0)	(14.0, 2.0)	(15.0, 3.0)	(16.0, 0.0)	(17.0, 4.0)	(18.0, 2.0)	(19.0, 5.0)	(20.0, 4.0)	(21.0, 2.0)	(22.0, 3.0)	(23.0, 3.0)	(24.0, 8.0)	(25.0, 4.0)	(26.0, 12.0)	(27.0, 8.0)	(28.0, 11.0)	(29.0, 12.0)	(30.0, 12.0)	(31.0, 5.0)	(32.0, 17.0)	(33.0, 12.0)	(34.0, 27.0)	(35.0, 23.0)	(36.0, 25.0)	(37.0, 48.0)	(38.0, 43.0)	(39.0, 38.0)	(40.0, 35.0)	(41.0, 43.0)	(42.0, 48.0)	(43.0, 41.0)	(44.0, 33.0)	(45.0, 39.0)	(46.0, 27.0)	(47.0, 10.0)	(48.0, 2.0)					
dorado_barcode04	(4.0, 4.0)	(5.0, 5.0)	(6.0, 3.0)	(7.0, 8.0)	(8.0, 9.0)	(9.0, 8.0)	(10.0, 14.0)	(11.0, 4.0)	(12.0, 9.0)	(13.0, 5.0)	(14.0, 7.0)	(15.0, 8.0)	(16.0, 3.0)	(17.0, 9.0)	(18.0, 8.0)	(19.0, 9.0)	(20.0, 3.0)	(21.0, 10.0)	(22.0, 12.0)	(23.0, 9.0)	(24.0, 15.0)	(25.0, 12.0)	(26.0, 13.0)	(27.0, 14.0)	(28.0, 15.0)	(29.0, 22.0)	(30.0, 20.0)	(31.0, 31.0)	(32.0, 26.0)	(33.0, 36.0)	(34.0, 29.0)	(35.0, 52.0)	(36.0, 54.0)	(37.0, 49.0)	(38.0, 68.0)	(39.0, 64.0)	(40.0, 76.0)	(41.0, 72.0)	(42.0, 99.0)	(43.0, 128.0)	(44.0, 96.0)	(45.0, 68.0)	(46.0, 29.0)	(47.0, 12.0)	(48.0, 6.0)	(49.0, 2.0)	(50.0, 1.0)			
dorado_barcode05	(1.0, 6.0)	(2.0, 73.0)	(3.0, 318.0)	(4.0, 1410.0)	(5.0, 2134.0)	(6.0, 2162.0)	(7.0, 2493.0)	(8.0, 3085.0)	(9.0, 4003.0)	(10.0, 4477.0)	(11.0, 3976.0)	(12.0, 3108.0)	(13.0, 2594.0)	(14.0, 2089.0)	(15.0, 1940.0)	(16.0, 2074.0)	(17.0, 2144.0)	(18.0, 2359.0)	(19.0, 2437.0)	(20.0, 2503.0)	(21.0, 2637.0)	(22.0, 2873.0)	(23.0, 3244.0)	(24.0, 3619.0)	(25.0, 4200.0)	(26.0, 4813.0)	(27.0, 5605.0)	(28.0, 6479.0)	(29.0, 7848.0)	(30.0, 9483.0)	(31.0, 10796.0)	(32.0, 12794.0)	(33.0, 15066.0)	(34.0, 17719.0)	(35.0, 21110.0)	(36.0, 24451.0)	(37.0, 28519.0)	(38.0, 32387.0)	(39.0, 36970.0)	(40.0, 41015.0)	(41.0, 44706.0)	(42.0, 46158.0)	(43.0, 43346.0)	(44.0, 35510.0)	(45.0, 23695.0)	(46.0, 10926.0)	(47.0, 2937.0)	(48.0, 451.0)	(49.0, 60.0)	(50.0, 5.0)
dorado_barcode06	(5.0, 2.0)	(6.0, 0.0)	(7.0, 1.0)	(8.0, 2.0)	(9.0, 1.0)	(10.0, 12.0)	(11.0, 6.0)	(12.0, 4.0)	(13.0, 3.0)	(14.0, 5.0)	(15.0, 4.0)	(16.0, 1.0)	(17.0, 2.0)	(18.0, 3.0)	(19.0, 2.0)	(20.0, 5.0)	(21.0, 4.0)	(22.0, 3.0)	(23.0, 7.0)	(24.0, 10.0)	(25.0, 8.0)	(26.0, 10.0)	(27.0, 7.0)	(28.0, 7.0)	(29.0, 16.0)	(30.0, 17.0)	(31.0, 26.0)	(32.0, 23.0)	(33.0, 20.0)	(34.0, 28.0)	(35.0, 44.0)	(36.0, 24.0)	(37.0, 41.0)	(38.0, 50.0)	(39.0, 43.0)	(40.0, 56.0)	(41.0, 78.0)	(42.0, 54.0)	(43.0, 56.0)	(44.0, 62.0)	(45.0, 39.0)	(46.0, 19.0)	(47.0, 4.0)	(48.0, 0.0)	(49.0, 1.0)					
dorado_barcode07	(4.0, 1.0)	(5.0, 1.0)	(6.0, 6.0)	(7.0, 5.0)	(8.0, 4.0)	(9.0, 8.0)	(10.0, 9.0)	(11.0, 8.0)	(12.0, 5.0)	(13.0, 3.0)	(14.0, 1.0)	(15.0, 5.0)	(16.0, 2.0)	(17.0, 3.0)	(18.0, 3.0)	(19.0, 4.0)	(20.0, 3.0)	(21.0, 6.0)	(22.0, 8.0)	(23.0, 5.0)	(24.0, 8.0)	(25.0, 11.0)	(26.0, 11.0)	(27.0, 13.0)	(28.0, 13.0)	(29.0, 11.0)	(30.0, 14.0)	(31.0, 13.0)	(32.0, 23.0)	(33.0, 26.0)	(34.0, 22.0)	(35.0, 43.0)	(36.0, 24.0)	(37.0, 34.0)	(38.0, 41.0)	(39.0, 56.0)	(40.0, 54.0)	(41.0, 56.0)	(42.0, 64.0)	(43.0, 51.0)	(44.0, 53.0)	(45.0, 35.0)	(46.0, 20.0)	(47.0, 10.0)	(48.0, 2.0)					
dorado_barcode08	(4.0, 3.0)	(5.0, 2.0)	(6.0, 2.0)	(7.0, 0.0)	(8.0, 9.0)	(9.0, 6.0)	(10.0, 9.0)	(11.0, 11.0)	(12.0, 6.0)	(13.0, 2.0)	(14.0, 2.0)	(15.0, 3.0)	(16.0, 5.0)	(17.0, 3.0)	(18.0, 8.0)	(19.0, 1.0)	(20.0, 8.0)	(21.0, 6.0)	(22.0, 7.0)	(23.0, 8.0)	(24.0, 10.0)	(25.0, 13.0)	(26.0, 9.0)	(27.0, 13.0)	(28.0, 15.0)	(29.0, 16.0)	(30.0, 12.0)	(31.0, 25.0)	(32.0, 23.0)	(33.0, 17.0)	(34.0, 34.0)	(35.0, 24.0)	(36.0, 42.0)	(37.0, 42.0)	(38.0, 61.0)	(39.0, 58.0)	(40.0, 73.0)	(41.0, 86.0)	(42.0, 95.0)	(43.0, 87.0)	(44.0, 82.0)	(45.0, 45.0)	(46.0, 22.0)	(47.0, 16.0)	(48.0, 1.0)	(49.0, 1.0)				
dorado_barcode09	(2.0, 4.0)	(3.0, 11.0)	(4.0, 51.0)	(5.0, 93.0)	(6.0, 106.0)	(7.0, 157.0)	(8.0, 225.0)	(9.0, 268.0)	(10.0, 262.0)	(11.0, 241.0)	(12.0, 186.0)	(13.0, 171.0)	(14.0, 125.0)	(15.0, 132.0)	(16.0, 147.0)	(17.0, 144.0)	(18.0, 172.0)	(19.0, 177.0)	(20.0, 208.0)	(21.0, 223.0)	(22.0, 230.0)	(23.0, 241.0)	(24.0, 308.0)	(25.0, 348.0)	(26.0, 417.0)	(27.0, 458.0)	(28.0, 568.0)	(29.0, 669.0)	(30.0, 793.0)	(31.0, 889.0)	(32.0, 960.0)	(33.0, 1139.0)	(34.0, 1234.0)	(35.0, 1451.0)	(36.0, 1541.0)	(37.0, 1853.0)	(38.0, 1986.0)	(39.0, 2219.0)	(40.0, 2471.0)	(41.0, 2680.0)	(42.0, 2907.0)	(43.0, 2824.0)	(44.0, 2382.0)	(45.0, 1773.0)	(46.0, 931.0)	(47.0, 322.0)	(48.0, 71.0)	(49.0, 12.0)	(50.0, 2.0)	
dorado_barcode10	(1.0, 2.0)	(2.0, 17.0)	(3.0, 72.0)	(4.0, 307.0)	(5.0, 481.0)	(6.0, 464.0)	(7.0, 549.0)	(8.0, 686.0)	(9.0, 933.0)	(10.0, 1123.0)	(11.0, 993.0)	(12.0, 805.0)	(13.0, 641.0)	(14.0, 548.0)	(15.0, 505.0)	(16.0, 499.0)	(17.0, 546.0)	(18.0, 569.0)	(19.0, 631.0)	(20.0, 703.0)	(21.0, 668.0)	(22.0, 763.0)	(23.0, 896.0)	(24.0, 997.0)	(25.0, 1192.0)	(26.0, 1372.0)	(27.0, 1554.0)	(28.0, 1786.0)	(29.0, 2108.0)	(30.0, 2498.0)	(31.0, 3028.0)	(32.0, 3489.0)	(33.0, 4139.0)	(34.0, 4920.0)	(35.0, 5739.0)	(36.0, 6850.0)	(37.0, 7737.0)	(38.0, 9162.0)	(39.0, 10379.0)	(40.0, 12043.0)	(41.0, 13503.0)	(42.0, 14527.0)	(43.0, 14011.0)	(44.0, 12011.0)	(45.0, 8220.0)	(46.0, 3810.0)	(47.0, 1216.0)	(48.0, 243.0)	(49.0, 71.0)	(50.0, 8.0)
dorado_barcode11	(1.0, 1.0)	(2.0, 18.0)	(3.0, 81.0)	(4.0, 281.0)	(5.0, 393.0)	(6.0, 395.0)	(7.0, 463.0)	(8.0, 612.0)	(9.0, 792.0)	(10.0, 858.0)	(11.0, 780.0)	(12.0, 626.0)	(13.0, 523.0)	(14.0, 432.0)	(15.0, 399.0)	(16.0, 411.0)	(17.0, 475.0)	(18.0, 523.0)	(19.0, 484.0)	(20.0, 574.0)	(21.0, 638.0)	(22.0, 684.0)	(23.0, 716.0)	(24.0, 768.0)	(25.0, 886.0)	(26.0, 1094.0)	(27.0, 1257.0)	(28.0, 1517.0)	(29.0, 1665.0)	(30.0, 1929.0)	(31.0, 2319.0)	(32.0, 2708.0)	(33.0, 3118.0)	(34.0, 3699.0)	(35.0, 4333.0)	(36.0, 5146.0)	(37.0, 5908.0)	(38.0, 6749.0)	(39.0, 7665.0)	(40.0, 8698.0)	(41.0, 9296.0)	(42.0, 9640.0)	(43.0, 8972.0)	(44.0, 7407.0)	(45.0, 4846.0)	(46.0, 2107.0)	(47.0, 561.0)	(48.0, 105.0)	(49.0, 14.0)	(50.0, 1.0)
dorado_barcode12	(4.0, 4.0)	(5.0, 7.0)	(6.0, 5.0)	(7.0, 9.0)	(8.0, 6.0)	(9.0, 11.0)	(10.0, 9.0)	(11.0, 5.0)	(12.0, 9.0)	(13.0, 6.0)	(14.0, 4.0)	(15.0, 4.0)	(16.0, 6.0)	(17.0, 12.0)	(18.0, 5.0)	(19.0, 9.0)	(20.0, 14.0)	(21.0, 11.0)	(22.0, 7.0)	(23.0, 14.0)	(24.0, 14.0)	(25.0, 12.0)	(26.0, 25.0)	(27.0, 20.0)	(28.0, 29.0)	(29.0, 49.0)	(30.0, 27.0)	(31.0, 35.0)	(32.0, 32.0)	(33.0, 37.0)	(34.0, 31.0)	(35.0, 42.0)	(36.0, 45.0)	(37.0, 49.0)	(38.0, 45.0)	(39.0, 52.0)	(40.0, 66.0)	(41.0, 80.0)	(42.0, 69.0)	(43.0, 87.0)	(44.0, 65.0)	(45.0, 44.0)	(46.0, 21.0)	(47.0, 10.0)						
dorado_barcode13	(6.0, 2.0)	(7.0, 2.0)	(8.0, 2.0)	(9.0, 5.0)	(10.0, 6.0)	(11.0, 7.0)	(12.0, 4.0)	(13.0, 7.0)	(14.0, 5.0)	(15.0, 2.0)	(16.0, 4.0)	(17.0, 2.0)	(18.0, 2.0)	(19.0, 3.0)	(20.0, 3.0)	(21.0, 5.0)	(22.0, 8.0)	(23.0, 3.0)	(24.0, 5.0)	(25.0, 7.0)	(26.0, 10.0)	(27.0, 10.0)	(28.0, 6.0)	(29.0, 16.0)	(30.0, 13.0)	(31.0, 22.0)	(32.0, 16.0)	(33.0, 27.0)	(34.0, 26.0)	(35.0, 31.0)	(36.0, 27.0)	(37.0, 35.0)	(38.0, 52.0)	(39.0, 55.0)	(40.0, 62.0)	(41.0, 59.0)	(42.0, 62.0)	(43.0, 57.0)	(44.0, 68.0)	(45.0, 40.0)	(46.0, 18.0)	(47.0, 9.0)	(48.0, 2.0)	(49.0, 1.0)						
dorado_barcode14	(1.0, 1.0)	(2.0, 1.0)	(3.0, 3.0)	(4.0, 6.0)	(5.0, 15.0)	(6.0, 7.0)	(7.0, 5.0)	(8.0, 18.0)	(9.0, 27.0)	(10.0, 24.0)	(11.0, 27.0)	(12.0, 27.0)	(13.0, 22.0)	(14.0, 19.0)	(15.0, 19.0)	(16.0, 14.0)	(17.0, 19.0)	(18.0, 23.0)	(19.0, 34.0)	(20.0, 23.0)	(21.0, 28.0)	(22.0, 31.0)	(23.0, 56.0)	(24.0, 36.0)	(25.0, 42.0)	(26.0, 44.0)	(27.0, 62.0)	(28.0, 64.0)	(29.0, 79.0)	(30.0, 99.0)	(31.0, 106.0)	(32.0, 125.0)	(33.0, 136.0)	(34.0, 142.0)	(35.0, 184.0)	(36.0, 212.0)	(37.0, 242.0)	(38.0, 245.0)	(39.0, 255.0)	(40.0, 306.0)	(41.0, 322.0)	(42.0, 374.0)	(43.0, 376.0)	(44.0, 336.0)	(45.0, 230.0)	(46.0, 159.0)	(47.0, 50.0)	(48.0, 24.0)	(49.0, 7.0)	(50.0, 1.0)
dorado_barcode15	(2.0, 1.0)	(3.0, 10.0)	(4.0, 52.0)	(5.0, 83.0)	(6.0, 110.0)	(7.0, 114.0)	(8.0, 171.0)	(9.0, 226.0)	(10.0, 234.0)	(11.0, 190.0)	(12.0, 159.0)	(13.0, 167.0)	(14.0, 128.0)	(15.0, 128.0)	(16.0, 112.0)	(17.0, 128.0)	(18.0, 120.0)	(19.0, 182.0)	(20.0, 169.0)	(21.0, 164.0)	(22.0, 207.0)	(23.0, 206.0)	(24.0, 227.0)	(25.0, 289.0)	(26.0, 300.0)	(27.0, 331.0)	(28.0, 404.0)	(29.0, 467.0)	(30.0, 549.0)	(31.0, 676.0)	(32.0, 753.0)	(33.0, 829.0)	(34.0, 926.0)	(35.0, 1127.0)	(36.0, 1236.0)	(37.0, 1359.0)	(38.0, 1715.0)	(39.0, 1949.0)	(40.0, 2205.0)	(41.0, 2465.0)	(42.0, 2651.0)	(43.0, 2657.0)	(44.0, 2414.0)	(45.0, 1656.0)	(46.0, 881.0)	(47.0, 281.0)	(48.0, 61.0)	(49.0, 14.0)		
dorado_barcode16	(5.0, 3.0)	(6.0, 2.0)	(7.0, 0.0)	(8.0, 7.0)	(9.0, 1.0)	(10.0, 1.0)	(11.0, 3.0)	(12.0, 3.0)	(13.0, 1.0)	(14.0, 3.0)	(15.0, 3.0)	(16.0, 5.0)	(17.0, 1.0)	(18.0, 1.0)	(19.0, 5.0)	(20.0, 2.0)	(21.0, 4.0)	(22.0, 3.0)	(23.0, 10.0)	(24.0, 6.0)	(25.0, 3.0)	(26.0, 6.0)	(27.0, 7.0)	(28.0, 10.0)	(29.0, 8.0)	(30.0, 12.0)	(31.0, 11.0)	(32.0, 15.0)	(33.0, 21.0)	(34.0, 15.0)	(35.0, 14.0)	(36.0, 31.0)	(37.0, 21.0)	(38.0, 40.0)	(39.0, 36.0)	(40.0, 49.0)	(41.0, 39.0)	(42.0, 48.0)	(43.0, 44.0)	(44.0, 44.0)	(45.0, 43.0)	(46.0, 21.0)	(47.0, 7.0)							
dorado_barcode17	(1.0, 20.0)	(2.0, 137.0)	(3.0, 637.0)	(4.0, 2452.0)	(5.0, 4423.0)	(6.0, 5802.0)	(7.0, 7450.0)	(8.0, 9909.0)	(9.0, 12390.0)	(10.0, 13664.0)	(11.0, 12602.0)	(12.0, 11077.0)	(13.0, 9857.0)	(14.0, 9157.0)	(15.0, 9431.0)	(16.0, 10534.0)	(17.0, 12445.0)	(18.0, 14323.0)	(19.0, 15771.0)	(20.0, 16681.0)	(21.0, 17623.0)	(22.0, 18862.0)	(23.0, 20544.0)	(24.0, 22360.0)	(25.0, 24693.0)	(26.0, 28092.0)	(27.0, 31637.0)	(28.0, 36958.0)	(29.0, 41966.0)	(30.0, 47680.0)	(31.0, 53961.0)	(32.0, 58959.0)	(33.0, 64931.0)	(34.0, 70150.0)	(35.0, 76701.0)	(36.0, 83459.0)	(37.0, 89888.0)	(38.0, 96496.0)	(39.0, 103654.0)	(40.0, 110693.0)	(41.0, 116123.0)	(42.0, 119268.0)	(43.0, 116231.0)	(44.0, 105684.0)	(45.0, 84774.0)	(46.0, 53519.0)	(47.0, 23415.0)	(48.0, 6523.0)	(49.0, 1415.0)	(50.0, 93.0)
dorado_barcode18	(1.0, 11.0)	(2.0, 99.0)	(3.0, 557.0)	(4.0, 2434.0)	(5.0, 3722.0)	(6.0, 4304.0)	(7.0, 4996.0)	(8.0, 6080.0)	(9.0, 7129.0)	(10.0, 7851.0)	(11.0, 7283.0)	(12.0, 6383.0)	(13.0, 5798.0)	(14.0, 5358.0)	(15.0, 5321.0)	(16.0, 5859.0)	(17.0, 6391.0)	(18.0, 7318.0)	(19.0, 7876.0)	(20.0, 8630.0)	(21.0, 9167.0)	(22.0, 9368.0)	(23.0, 10373.0)	(24.0, 11126.0)	(25.0, 12435.0)	(26.0, 13940.0)	(27.0, 15584.0)	(28.0, 18068.0)	(29.0, 20446.0)	(30.0, 23571.0)	(31.0, 26639.0)	(32.0, 29864.0)	(33.0, 33072.0)	(34.0, 36942.0)	(35.0, 41313.0)	(36.0, 45532.0)	(37.0, 50387.0)	(38.0, 55099.0)	(39.0, 60688.0)	(40.0, 65986.0)	(41.0, 71189.0)	(42.0, 74264.0)	(43.0, 75003.0)	(44.0, 70228.0)	(45.0, 57838.0)	(46.0, 37499.0)	(47.0, 16388.0)	(48.0, 4209.0)	(49.0, 804.0)	(50.0, 53.0)
dorado_barcode19	(3.0, 3.0)	(4.0, 4.0)	(5.0, 5.0)	(6.0, 4.0)	(7.0, 1.0)	(8.0, 9.0)	(9.0, 7.0)	(10.0, 1.0)	(11.0, 4.0)	(12.0, 4.0)	(13.0, 3.0)	(14.0, 2.0)	(15.0, 4.0)	(16.0, 4.0)	(17.0, 5.0)	(18.0, 4.0)	(19.0, 10.0)	(20.0, 5.0)	(21.0, 4.0)	(22.0, 3.0)	(23.0, 9.0)	(24.0, 8.0)	(25.0, 9.0)	(26.0, 7.0)	(27.0, 13.0)	(28.0, 11.0)	(29.0, 21.0)	(30.0, 24.0)	(31.0, 17.0)	(32.0, 24.0)	(33.0, 20.0)	(34.0, 38.0)	(35.0, 37.0)	(36.0, 44.0)	(37.0, 32.0)	(38.0, 49.0)	(39.0, 39.0)	(40.0, 45.0)	(41.0, 47.0)	(42.0, 54.0)	(43.0, 81.0)	(44.0, 59.0)	(45.0, 37.0)	(46.0, 24.0)	(47.0, 8.0)	(48.0, 1.0)	(49.0, 1.0)			
dorado_barcode20	(1.0, 10.0)	(2.0, 60.0)	(3.0, 255.0)	(4.0, 1407.0)	(5.0, 2534.0)	(6.0, 2960.0)	(7.0, 3663.0)	(8.0, 4554.0)	(9.0, 6111.0)	(10.0, 8126.0)	(11.0, 8681.0)	(12.0, 7603.0)	(13.0, 6121.0)	(14.0, 4944.0)	(15.0, 4234.0)	(16.0, 3947.0)	(17.0, 4020.0)	(18.0, 4038.0)	(19.0, 4235.0)	(20.0, 4463.0)	(21.0, 4935.0)	(22.0, 5323.0)	(23.0, 6123.0)	(24.0, 6857.0)	(25.0, 7966.0)	(26.0, 9332.0)	(27.0, 10679.0)	(28.0, 12391.0)	(29.0, 14400.0)	(30.0, 16515.0)	(31.0, 19651.0)	(32.0, 22752.0)	(33.0, 27613.0)	(34.0, 33661.0)	(35.0, 41317.0)	(36.0, 48988.0)	(37.0, 57461.0)	(38.0, 70552.0)	(39.0, 88978.0)	(40.0, 111646.0)	(41.0, 139825.0)	(42.0, 169797.0)	(43.0, 194088.0)	(44.0, 183105.0)	(45.0, 113514.0)	(46.0, 40004.0)	(47.0, 9357.0)	(48.0, 1592.0)	(49.0, 313.0)	(50.0, 23.0)
dorado_barcode21	(4.0, 1.0)																																																	
dorado_barcode23	(5.0, 1.0)																																																	
dorado_barcode24	(4.0, 1.0)																																																	
dorado_unclassified	(1.0, 34998.0)	(2.0, 31104.0)	(3.0, 25552.0)	(4.0, 46673.0)	(5.0, 37667.0)	(6.0, 23595.0)	(7.0, 17002.0)	(8.0, 14351.0)	(9.0, 12894.0)	(10.0, 11264.0)	(11.0, 9278.0)	(12.0, 6885.0)	(13.0, 5131.0)	(14.0, 4073.0)	(15.0, 3480.0)	(16.0, 3185.0)	(17.0, 2828.0)	(18.0, 2661.0)	(19.0, 2538.0)	(20.0, 2549.0)	(21.0, 2369.0)	(22.0, 2482.0)	(23.0, 2545.0)	(24.0, 2540.0)	(25.0, 2755.0)	(26.0, 2854.0)	(27.0, 2933.0)	(28.0, 3122.0)	(29.0, 3371.0)	(30.0, 3638.0)	(31.0, 3837.0)	(32.0, 4265.0)	(33.0, 4662.0)	(34.0, 5335.0)	(35.0, 5883.0)	(36.0, 6790.0)	(37.0, 7730.0)	(38.0, 8572.0)	(39.0, 9732.0)	(40.0, 11074.0)	(41.0, 12019.0)	(42.0, 12693.0)	(43.0, 12385.0)	(44.0, 10099.0)	(45.0, 5973.0)	(46.0, 2302.0)	(47.0, 454.0)	(48.0, 39.0)		
minknow_barcode01	(15.0, 1.0)	(16.0, 0.0)	(17.0, 0.0)	(18.0, 1.0)	(19.0, 3.0)	(20.0, 1.0)	(21.0, 4.0)	(22.0, 3.0)	(23.0, 6.0)	(24.0, 9.0)	(25.0, 7.0)	(26.0, 5.0)	(27.0, 7.0)	(28.0, 11.0)	(29.0, 15.0)	(30.0, 27.0)	(31.0, 22.0)	(32.0, 25.0)	(33.0, 28.0)	(34.0, 28.0)	(35.0, 26.0)	(36.0, 30.0)	(37.0, 34.0)	(38.0, 25.0)	(39.0, 18.0)	(40.0, 25.0)	(41.0, 25.0)	(42.0, 43.0)	(43.0, 24.0)	(44.0, 17.0)	(45.0, 17.0)	(46.0, 2.0)	(47.0, 2.0)																	
minknow_barcode02	(11.0, 2.0)	(12.0, 0.0)	(13.0, 7.0)	(14.0, 18.0)	(15.0, 43.0)	(16.0, 82.0)	(17.0, 94.0)	(18.0, 135.0)	(19.0, 153.0)	(20.0, 175.0)	(21.0, 232.0)	(22.0, 264.0)	(23.0, 299.0)	(24.0, 343.0)	(25.0, 403.0)	(26.0, 443.0)	(27.0, 560.0)	(28.0, 716.0)	(29.0, 781.0)	(30.0, 940.0)	(31.0, 1104.0)	(32.0, 1363.0)	(33.0, 1627.0)	(34.0, 1950.0)	(35.0, 2235.0)	(36.0, 2604.0)	(37.0, 2976.0)	(38.0, 3521.0)	(39.0, 4048.0)	(40.0, 4546.0)	(41.0, 5039.0)	(42.0, 5479.0)	(43.0, 5278.0)	(44.0, 4370.0)	(45.0, 2817.0)	(46.0, 1186.0)	(47.0, 261.0)	(48.0, 20.0)												
minknow_barcode03	(18.0, 1.0)	(19.0, 0.0)	(20.0, 1.0)	(21.0, 0.0)	(22.0, 1.0)	(23.0, 0.0)	(24.0, 0.0)	(25.0, 1.0)	(26.0, 3.0)	(27.0, 0.0)	(28.0, 1.0)	(29.0, 2.0)	(30.0, 2.0)	(31.0, 8.0)	(32.0, 1.0)	(33.0, 3.0)	(34.0, 6.0)	(35.0, 2.0)	(36.0, 0.0)	(37.0, 9.0)	(38.0, 0.0)	(39.0, 1.0)	(40.0, 1.0)	(41.0, 2.0)	(42.0, 1.0)	(43.0, 0.0)	(44.0, 0.0)	(45.0, 1.0)																						
minknow_barcode04	(21.0, 1.0)	(22.0, 0.0)	(23.0, 1.0)	(24.0, 0.0)	(25.0, 1.0)	(26.0, 2.0)	(27.0, 4.0)	(28.0, 3.0)	(29.0, 1.0)	(30.0, 3.0)	(31.0, 1.0)	(32.0, 8.0)	(33.0, 8.0)	(34.0, 6.0)	(35.0, 7.0)	(36.0, 11.0)	(37.0, 5.0)	(38.0, 4.0)	(39.0, 0.0)	(40.0, 4.0)	(41.0, 2.0)	(42.0, 1.0)	(43.0, 2.0)	(44.0, 0.0)	(45.0, 1.0)																									
minknow_barcode05	(7.0, 1.0)	(8.0, 6.0)	(9.0, 5.0)	(10.0, 11.0)	(11.0, 24.0)	(12.0, 31.0)	(13.0, 86.0)	(14.0, 186.0)	(15.0, 263.0)	(16.0, 441.0)	(17.0, 612.0)	(18.0, 808.0)	(19.0, 949.0)	(20.0, 1048.0)	(21.0, 1173.0)	(22.0, 1322.0)	(23.0, 1548.0)	(24.0, 1768.0)	(25.0, 2073.0)	(26.0, 2460.0)	(27.0, 2919.0)	(28.0, 3384.0)	(29.0, 4080.0)	(30.0, 4864.0)	(31.0, 5928.0)	(32.0, 6972.0)	(33.0, 8259.0)	(34.0, 9891.0)	(35.0, 11768.0)	(36.0, 13921.0)	(37.0, 16411.0)	(38.0, 18915.0)	(39.0, 21912.0)	(40.0, 24799.0)	(41.0, 27011.0)	(42.0, 28258.0)	(43.0, 26853.0)	(44.0, 22022.0)	(45.0, 14766.0)	(46.0, 6662.0)	(47.0, 1615.0)	(48.0, 153.0)								
minknow_barcode06	(21.0, 1.0)	(22.0, 1.0)	(23.0, 1.0)	(24.0, 1.0)	(25.0, 1.0)	(26.0, 1.0)	(27.0, 2.0)	(28.0, 1.0)	(29.0, 2.0)	(30.0, 1.0)	(31.0, 4.0)	(32.0, 5.0)	(33.0, 7.0)	(34.0, 6.0)	(35.0, 4.0)	(36.0, 5.0)	(37.0, 6.0)	(38.0, 3.0)	(39.0, 2.0)	(40.0, 2.0)	(41.0, 1.0)	(42.0, 0.0)	(43.0, 1.0)	(44.0, 1.0)																										
minknow_barcode07	(15.0, 1.0)	(16.0, 0.0)	(17.0, 0.0)	(18.0, 0.0)	(19.0, 0.0)	(20.0, 0.0)	(21.0, 0.0)	(22.0, 1.0)	(23.0, 1.0)	(24.0, 0.0)	(25.0, 1.0)	(26.0, 1.0)	(27.0, 2.0)	(28.0, 0.0)	(29.0, 2.0)	(30.0, 2.0)	(31.0, 4.0)	(32.0, 6.0)	(33.0, 2.0)	(34.0, 6.0)	(35.0, 3.0)	(36.0, 2.0)	(37.0, 2.0)	(38.0, 4.0)	(39.0, 1.0)	(40.0, 1.0)	(41.0, 0.0)	(42.0, 1.0)																						
minknow_barcode08	(20.0, 1.0)	(21.0, 1.0)	(22.0, 0.0)	(23.0, 0.0)	(24.0, 2.0)	(25.0, 4.0)	(26.0, 2.0)	(27.0, 3.0)	(28.0, 1.0)	(29.0, 2.0)	(30.0, 3.0)	(31.0, 9.0)	(32.0, 1.0)	(33.0, 5.0)	(34.0, 4.0)	(35.0, 4.0)	(36.0, 4.0)	(37.0, 4.0)	(38.0, 2.0)	(39.0, 3.0)	(40.0, 5.0)	(41.0, 6.0)	(42.0, 3.0)	(43.0, 3.0)	(44.0, 1.0)																									
minknow_barcode09	(10.0, 2.0)	(11.0, 3.0)	(12.0, 3.0)	(13.0, 10.0)	(14.0, 14.0)	(15.0, 17.0)	(16.0, 25.0)	(17.0, 37.0)	(18.0, 69.0)	(19.0, 80.0)	(20.0, 86.0)	(21.0, 110.0)	(22.0, 107.0)	(23.0, 128.0)	(24.0, 142.0)	(25.0, 208.0)	(26.0, 212.0)	(27.0, 284.0)	(28.0, 326.0)	(29.0, 390.0)	(30.0, 455.0)	(31.0, 531.0)	(32.0, 577.0)	(33.0, 626.0)	(34.0, 726.0)	(35.0, 857.0)	(36.0, 1002.0)	(37.0, 1010.0)	(38.0, 1220.0)	(39.0, 1353.0)	(40.0, 1464.0)	(41.0, 1662.0)	(42.0, 1750.0)	(43.0, 1768.0)	(44.0, 1422.0)	(45.0, 1091.0)	(46.0, 549.0)	(47.0, 178.0)	(48.0, 21.0)	(49.0, 1.0)										
minknow_barcode10	(11.0, 1.0)	(12.0, 2.0)	(13.0, 5.0)	(14.0, 20.0)	(15.0, 34.0)	(16.0, 48.0)	(17.0, 58.0)	(18.0, 74.0)	(19.0, 125.0)	(20.0, 119.0)	(21.0, 145.0)	(22.0, 164.0)	(23.0, 210.0)	(24.0, 234.0)	(25.0, 271.0)	(26.0, 356.0)	(27.0, 407.0)	(28.0, 490.0)	(29.0, 564.0)	(30.0, 661.0)	(31.0, 880.0)	(32.0, 1047.0)	(33.0, 1233.0)	(34.0, 1422.0)	(35.0, 1816.0)	(36.0, 1942.0)	(37.0, 2212.0)	(38.0, 2462.0)	(39.0, 2902.0)	(40.0, 3320.0)	(41.0, 3677.0)	(42.0, 4052.0)	(43.0, 3899.0)	(44.0, 3358.0)	(45.0, 2281.0)	(46.0, 1063.0)	(47.0, 262.0)	(48.0, 31.0)												
minknow_barcode11	(8.0, 1.0)	(9.0, 0.0)	(10.0, 0.0)	(11.0, 1.0)	(12.0, 1.0)	(13.0, 10.0)	(14.0, 45.0)	(15.0, 62.0)	(16.0, 90.0)	(17.0, 129.0)	(18.0, 168.0)	(19.0, 194.0)	(20.0, 217.0)	(21.0, 288.0)	(22.0, 282.0)	(23.0, 346.0)	(24.0, 337.0)	(25.0, 425.0)	(26.0, 532.0)	(27.0, 600.0)	(28.0, 733.0)	(29.0, 865.0)	(30.0, 1015.0)	(31.0, 1204.0)	(32.0, 1444.0)	(33.0, 1650.0)	(34.0, 1985.0)	(35.0, 2381.0)	(36.0, 2898.0)	(37.0, 3353.0)	(38.0, 3795.0)	(39.0, 4347.0)	(40.0, 4967.0)	(41.0, 5476.0)	(42.0, 5629.0)	(43.0, 5404.0)	(44.0, 4359.0)	(45.0, 2917.0)	(46.0, 1190.0)	(47.0, 285.0)	(48.0, 19.0)									
minknow_barcode12	(15.0, 1.0)	(16.0, 1.0)	(17.0, 1.0)	(18.0, 1.0)	(19.0, 2.0)	(20.0, 0.0)	(21.0, 1.0)	(22.0, 4.0)	(23.0, 0.0)	(24.0, 2.0)	(25.0, 5.0)	(26.0, 6.0)	(27.0, 7.0)	(28.0, 11.0)	(29.0, 7.0)	(30.0, 11.0)	(31.0, 13.0)	(32.0, 11.0)	(33.0, 8.0)	(34.0, 6.0)	(35.0, 8.0)	(36.0, 5.0)	(37.0, 6.0)	(38.0, 2.0)	(39.0, 2.0)	(40.0, 1.0)	(41.0, 1.0)	(42.0, 0.0)	(43.0, 1.0)	(44.0, 1.0)																				
minknow_barcode13	(21.0, 1.0)	(22.0, 2.0)	(23.0, 2.0)	(24.0, 0.0)	(25.0, 3.0)	(26.0, 1.0)	(27.0, 1.0)	(28.0, 3.0)	(29.0, 2.0)	(30.0, 3.0)	(31.0, 2.0)	(32.0, 3.0)	(33.0, 7.0)	(34.0, 0.0)	(35.0, 4.0)	(36.0, 0.0)	(37.0, 7.0)	(38.0, 0.0)	(39.0, 3.0)	(40.0, 0.0)	(41.0, 2.0)																													
minknow_barcode14	(13.0, 1.0)	(14.0, 2.0)	(15.0, 3.0)	(16.0, 1.0)	(17.0, 6.0)	(18.0, 6.0)	(19.0, 6.0)	(20.0, 15.0)	(21.0, 11.0)	(22.0, 13.0)	(23.0, 28.0)	(24.0, 21.0)	(25.0, 23.0)	(26.0, 29.0)	(27.0, 20.0)	(28.0, 38.0)	(29.0, 36.0)	(30.0, 44.0)	(31.0, 55.0)	(32.0, 68.0)	(33.0, 61.0)	(34.0, 90.0)	(35.0, 87.0)	(36.0, 102.0)	(37.0, 123.0)	(38.0, 116.0)	(39.0, 146.0)	(40.0, 157.0)	(41.0, 153.0)	(42.0, 194.0)	(43.0, 191.0)	(44.0, 179.0)	(45.0, 139.0)	(46.0, 76.0)	(47.0, 21.0)	(48.0, 5.0)														
minknow_barcode15	(11.0, 1.0)	(12.0, 1.0)	(13.0, 5.0)	(14.0, 9.0)	(15.0, 23.0)	(16.0, 18.0)	(17.0, 52.0)	(18.0, 43.0)	(19.0, 54.0)	(20.0, 66.0)	(21.0, 78.0)	(22.0, 79.0)	(23.0, 99.0)	(24.0, 99.0)	(25.0, 114.0)	(26.0, 151.0)	(27.0, 161.0)	(28.0, 203.0)	(29.0, 241.0)	(30.0, 261.0)	(31.0, 370.0)	(32.0, 394.0)	(33.0, 462.0)	(34.0, 507.0)	(35.0, 595.0)	(36.0, 618.0)	(37.0, 742.0)	(38.0, 876.0)	(39.0, 1084.0)	(40.0, 1176.0)	(41.0, 1363.0)	(42.0, 1553.0)	(43.0, 1542.0)	(44.0, 1378.0)	(45.0, 975.0)	(46.0, 495.0)	(47.0, 132.0)	(48.0, 22.0)												
minknow_barcode16	(21.0, 1.0)	(22.0, 0.0)	(23.0, 0.0)	(24.0, 0.0)	(25.0, 1.0)	(26.0, 1.0)	(27.0, 0.0)	(28.0, 1.0)	(29.0, 0.0)	(30.0, 4.0)	(31.0, 2.0)	(32.0, 2.0)	(33.0, 1.0)	(34.0, 2.0)	(35.0, 3.0)	(36.0, 4.0)	(37.0, 0.0)	(38.0, 1.0)	(39.0, 3.0)	(40.0, 2.0)	(41.0, 2.0)																													
minknow_barcode17	(6.0, 1.0)	(7.0, 2.0)	(8.0, 0.0)	(9.0, 2.0)	(10.0, 13.0)	(11.0, 48.0)	(12.0, 260.0)	(13.0, 686.0)	(14.0, 1613.0)	(15.0, 2419.0)	(16.0, 3714.0)	(17.0, 5488.0)	(18.0, 6909.0)	(19.0, 7922.0)	(20.0, 8898.0)	(21.0, 9690.0)	(22.0, 10776.0)	(23.0, 11830.0)	(24.0, 13582.0)	(25.0, 15160.0)	(26.0, 17138.0)	(27.0, 19902.0)	(28.0, 22875.0)	(29.0, 26416.0)	(30.0, 30631.0)	(31.0, 34086.0)	(32.0, 38226.0)	(33.0, 42308.0)	(34.0, 46424.0)	(35.0, 51175.0)	(36.0, 56274.0)	(37.0, 61060.0)	(38.0, 66842.0)	(39.0, 72351.0)	(40.0, 77559.0)	(41.0, 82199.0)	(42.0, 85044.0)	(43.0, 83801.0)	(44.0, 76534.0)	(45.0, 60799.0)	(46.0, 37430.0)	(47.0, 14744.0)	(48.0, 2560.0)	(49.0, 73.0)						
minknow_barcode18	(7.0, 1.0)	(8.0, 0.0)	(9.0, 5.0)	(10.0, 8.0)	(11.0, 56.0)	(12.0, 153.0)	(13.0, 408.0)	(14.0, 963.0)	(15.0, 1370.0)	(16.0, 1972.0)	(17.0, 2726.0)	(18.0, 3563.0)	(19.0, 4077.0)	(20.0, 4626.0)	(21.0, 5205.0)	(22.0, 5653.0)	(23.0, 6319.0)	(24.0, 7016.0)	(25.0, 8037.0)	(26.0, 9172.0)	(27.0, 10393.0)	(28.0, 11901.0)	(29.0, 13514.0)	(30.0, 15654.0)	(31.0, 17818.0)	(32.0, 20259.0)	(33.0, 23095.0)	(34.0, 26014.0)	(35.0, 29641.0)	(36.0, 33356.0)	(37.0, 37426.0)	(38.0, 41332.0)	(39.0, 46211.0)	(40.0, 51086.0)	(41.0, 55894.0)	(42.0, 58910.0)	(43.0, 59933.0)	(44.0, 56119.0)	(45.0, 45140.0)	(46.0, 28238.0)	(47.0, 10797.0)	(48.0, 1691.0)	(49.0, 23.0)							
minknow_barcode19	(17.0, 2.0)	(18.0, 1.0)	(19.0, 2.0)	(20.0, 2.0)	(21.0, 0.0)	(22.0, 2.0)	(23.0, 3.0)	(24.0, 5.0)	(25.0, 3.0)	(26.0, 4.0)	(27.0, 3.0)	(28.0, 4.0)	(29.0, 2.0)	(30.0, 8.0)	(31.0, 6.0)	(32.0, 6.0)	(33.0, 7.0)	(34.0, 6.0)	(35.0, 6.0)	(36.0, 5.0)	(37.0, 6.0)	(38.0, 6.0)	(39.0, 1.0)	(40.0, 0.0)	(41.0, 3.0)	(42.0, 2.0)	(43.0, 2.0)	(44.0, 2.0)	(45.0, 1.0)	(46.0, 1.0)	(47.0, 1.0)																			
minknow_barcode20	(11.0, 6.0)	(12.0, 17.0)	(13.0, 83.0)	(14.0, 302.0)	(15.0, 414.0)	(16.0, 516.0)	(17.0, 706.0)	(18.0, 913.0)	(19.0, 1146.0)	(20.0, 1352.0)	(21.0, 1721.0)	(22.0, 2062.0)	(23.0, 2456.0)	(24.0, 3007.0)	(25.0, 3530.0)	(26.0, 4380.0)	(27.0, 5327.0)	(28.0, 6012.0)	(29.0, 7434.0)	(30.0, 8728.0)	(31.0, 10543.0)	(32.0, 12410.0)	(33.0, 15329.0)	(34.0, 19218.0)	(35.0, 23633.0)	(36.0, 27708.0)	(37.0, 31527.0)	(38.0, 38152.0)	(39.0, 48281.0)	(40.0, 62218.0)	(41.0, 78902.0)	(42.0, 97313.0)	(43.0, 110983.0)	(44.0, 104683.0)	(45.0, 64497.0)	(46.0, 21870.0)	(47.0, 4177.0)	(48.0, 358.0)	(49.0, 1.0)											
minknow_unclassified	(4.0, 1.0)	(5.0, 1.0)	(6.0, 1.0)	(7.0, 2.0)	(8.0, 3.0)	(9.0, 6.0)	(10.0, 17.0)	(11.0, 104.0)	(12.0, 490.0)	(13.0, 1661.0)	(14.0, 3832.0)	(15.0, 5993.0)	(16.0, 8033.0)	(17.0, 10480.0)	(18.0, 12421.0)	(19.0, 13918.0)	(20.0, 15378.0)	(21.0, 17183.0)	(22.0, 19343.0)	(23.0, 21695.0)	(24.0, 24223.0)	(25.0, 27956.0)	(26.0, 31672.0)	(27.0, 35537.0)	(28.0, 40285.0)	(29.0, 45807.0)	(30.0, 50878.0)	(31.0, 57157.0)	(32.0, 63706.0)	(33.0, 71994.0)	(34.0, 80979.0)	(35.0, 91489.0)	(36.0, 103450.0)	(37.0, 116134.0)	(38.0, 129287.0)	(39.0, 144732.0)	(40.0, 159265.0)	(41.0, 170407.0)	(42.0, 173676.0)	(43.0, 163986.0)	(44.0, 123341.0)	(45.0, 57305.0)	(46.0, 11788.0)	(47.0, 907.0)	(48.0, 14.0)					
